 Total (p,pp) knockout cross section (mb)                                       
  
     27.924
  
 Momentum distributions
    Q_i             dS/dQ_z          dS/dQ_t          dS/dQ_y          dS/dQ
  (MeV/C)          (mb/MeV/c)       (mb/MeV/c)       (mb/MeV/c)       (mb/MeV/c)
  -986.635          0.00000         0.748836E-05     0.133692E-06     0.713561E-07
  -983.357          0.00000         0.754322E-05     0.244327E-06     0.676878E-07
  -980.079          0.00000         0.759740E-05     0.312355E-06     0.639876E-07
  -976.801          0.00000         0.765093E-05     0.370250E-06     0.603165E-07
  -973.524          0.00000         0.770384E-05     0.423267E-06     0.567439E-07
  -970.246          0.00000         0.775618E-05     0.476796E-06     0.533484E-07
  -966.968          0.00000         0.780800E-05     0.525370E-06     0.502183E-07
  -963.690          0.00000         0.785937E-05     0.563489E-06     0.474520E-07
  -960.412          0.00000         0.791039E-05     0.607417E-06     0.451589E-07
  -957.134          0.00000         0.796116E-05     0.646133E-06     0.434604E-07
  -953.856          0.00000         0.801180E-05     0.679872E-06     0.424898E-07
  -950.579          0.00000         0.806245E-05     0.719417E-06     0.423940E-07
  -947.301          0.00000         0.811329E-05     0.748419E-06     0.433336E-07
  -944.023          0.00000         0.816449E-05     0.788571E-06     0.454843E-07
  -940.745          0.00000         0.821627E-05     0.823567E-06     0.490377E-07
  -937.467          0.00000         0.826886E-05     0.853339E-06     0.542020E-07
  -934.189          0.00000         0.832253E-05     0.889110E-06     0.612036E-07
  -930.911          0.00000         0.837756E-05     0.919649E-06     0.702879E-07
  -927.634          0.00000         0.843429E-05     0.945049E-06     0.817206E-07
  -924.356          0.00000         0.849306E-05     0.981606E-06     0.957893E-07
  -921.078          0.00000         0.855426E-05     0.101342E-05     0.112805E-06
  -917.800          0.00000         0.861832E-05     0.104014E-05     0.133102E-06
  -914.522          0.00000         0.868570E-05     0.107813E-05     0.157043E-06
  -911.244          0.00000         0.875690E-05     0.110576E-05     0.185017E-06
  -907.966          0.00000         0.883246E-05     0.113918E-05     0.217444E-06
  -904.689          0.00000         0.891297E-05     0.116785E-05     0.254775E-06
  -901.411          0.00000         0.899906E-05     0.119697E-05     0.297496E-06
  -898.133          0.00000         0.909140E-05     0.122672E-05     0.346129E-06
  -894.855          0.00000         0.919074E-05     0.125734E-05     0.401234E-06
  -891.577          0.00000         0.929784E-05     0.129937E-05     0.463412E-06
  -888.299          0.00000         0.941354E-05     0.133144E-05     0.533308E-06
  -885.021          0.00000         0.953873E-05     0.136463E-05     0.611614E-06
  -881.744          0.00000         0.967435E-05     0.139856E-05     0.699069E-06
  -878.466          0.00000         0.982142E-05     0.143378E-05     0.796468E-06
  -875.188          0.00000         0.998101E-05     0.146987E-05     0.904657E-06
  -871.910          0.00000         0.101542E-04     0.149682E-05     0.102454E-05
  -868.632          0.00000         0.103423E-04     0.153570E-05     0.115710E-05
  -865.354          0.00000         0.105465E-04     0.157618E-05     0.130335E-05
  -862.076          0.00000         0.107682E-04     0.161869E-05     0.146442E-05
  -858.799          0.00000         0.110088E-04     0.166216E-05     0.164146E-05
  -855.521          0.00000         0.112697E-04     0.170278E-05     0.183575E-05
  -852.243          0.00000         0.115525E-04     0.175029E-05     0.204862E-05
  -848.965          0.00000         0.118589E-04     0.180043E-05     0.228150E-05
  -845.687          0.00000         0.121906E-04     0.185327E-05     0.253590E-05
  -842.409          0.00000         0.125494E-04     0.189704E-05     0.281344E-05
  -839.131          0.00000         0.129372E-04     0.195577E-05     0.311584E-05
  -835.854          0.00000         0.133560E-04     0.201052E-05     0.344494E-05
  -832.576          0.00000         0.138079E-04     0.207520E-05     0.380267E-05
  -829.298          0.00000         0.142949E-04     0.213143E-05     0.419110E-05
  -826.020          0.00000         0.148194E-04     0.220282E-05     0.461242E-05
  -822.742          0.00000         0.153837E-04     0.227875E-05     0.506898E-05
  -819.464          0.00000         0.159902E-04     0.235262E-05     0.556323E-05
  -816.186          0.00000         0.166415E-04     0.243809E-05     0.609782E-05
  -812.909          0.00000         0.173402E-04     0.251724E-05     0.667552E-05
  -809.631          0.00000         0.180890E-04     0.260763E-05     0.729930E-05
  -806.353          0.00000         0.188908E-04     0.270887E-05     0.797227E-05
  -803.075          0.00000         0.197484E-04     0.280480E-05     0.869777E-05
  -799.797          0.00000         0.206650E-04     0.291916E-05     0.947929E-05
  -796.519          0.00000         0.216437E-04     0.303155E-05     0.103206E-04
  -793.241          0.00000         0.226877E-04     0.314706E-05     0.112255E-04
  -789.964          0.00000         0.238003E-04     0.328289E-05     0.121983E-04
  -786.686          0.00000         0.249851E-04     0.342283E-05     0.132432E-04
  -783.408          0.00000         0.262456E-04     0.356581E-05     0.143650E-04
  -780.130          0.00000         0.275855E-04     0.372624E-05     0.155684E-04
  -776.852          0.00000         0.290086E-04     0.389137E-05     0.168586E-04
  -773.574          0.00000         0.305188E-04     0.405835E-05     0.182409E-04
  -770.296          0.00000         0.321201E-04     0.424720E-05     0.197209E-04
  -767.019          0.00000         0.338167E-04     0.445375E-05     0.213046E-04
  -763.741          0.00000         0.356127E-04     0.465970E-05     0.229982E-04
  -760.463          0.00000         0.375126E-04     0.488368E-05     0.248079E-04
  -757.185          0.00000         0.395208E-04     0.511599E-05     0.267407E-04
  -753.907          0.00000         0.416417E-04     0.536696E-05     0.288034E-04
  -750.629          0.00000         0.438802E-04     0.563572E-05     0.310033E-04
  -747.351          0.00000         0.462410E-04     0.591287E-05     0.333480E-04
  -744.074          0.00000         0.487289E-04     0.621445E-05     0.358453E-04
  -740.796          0.00000         0.513488E-04     0.652470E-05     0.385032E-04
  -737.518          0.00000         0.541059E-04     0.686321E-05     0.413302E-04
  -734.240          0.00000         0.570053E-04     0.719405E-05     0.443348E-04
  -730.962          0.00000         0.600522E-04     0.757297E-05     0.475260E-04
  -727.684          0.00000         0.632518E-04     0.797641E-05     0.509129E-04
  -724.406          0.00000         0.666095E-04     0.837983E-05     0.545050E-04
  -721.129          0.00000         0.701307E-04     0.881867E-05     0.583118E-04
  -717.851          0.00000         0.738209E-04     0.927542E-05     0.623435E-04
  -714.573          0.00000         0.776857E-04     0.976680E-05     0.666102E-04
  -711.295          0.00000         0.817305E-04     0.102803E-04     0.711225E-04
  -708.017          0.00000         0.859610E-04     0.108274E-04     0.758913E-04
  -704.739          0.00000         0.903828E-04     0.113920E-04     0.809276E-04
  -701.461          0.00000         0.950016E-04     0.119910E-04     0.862432E-04
  -698.184          0.00000         0.998231E-04     0.126165E-04     0.918498E-04
  -694.906          0.00000         0.104853E-03     0.132580E-04     0.977599E-04
  -691.628          0.00000         0.110097E-03     0.139680E-04     0.103986E-03
  -688.350          0.00000         0.115561E-03     0.147033E-04     0.110543E-03
  -685.072          0.00000         0.121251E-03     0.154649E-04     0.117443E-03
  -681.794          0.00000         0.127172E-03     0.162834E-04     0.124702E-03
  -678.516          0.00000         0.133331E-03     0.171023E-04     0.132335E-03
  -675.239          0.00000         0.139734E-03     0.179867E-04     0.140359E-03
  -671.961          0.00000         0.146387E-03     0.188898E-04     0.148792E-03
  -668.683          0.00000         0.153295E-03     0.198542E-04     0.157653E-03
  -665.405          0.00000         0.160467E-03     0.208550E-04     0.166962E-03
  -662.127          0.00000         0.167908E-03     0.218989E-04     0.176741E-03
  -658.849          0.00000         0.175625E-03     0.230049E-04     0.187014E-03
  -655.571          0.00000         0.183626E-03     0.241647E-04     0.197808E-03
  -652.294          0.00000         0.191919E-03     0.254003E-04     0.209150E-03
  -649.016          0.00000         0.200511E-03     0.266559E-04     0.221072E-03
  -645.738          0.00000         0.209413E-03     0.279546E-04     0.233608E-03
  -642.460          0.00000         0.218634E-03     0.293375E-04     0.246795E-03
  -639.182          0.00000         0.228184E-03     0.307367E-04     0.260674E-03
  -635.904          0.00000         0.238075E-03     0.322459E-04     0.275291E-03
  -632.626          0.00000         0.248319E-03     0.337837E-04     0.290695E-03
  -629.349          0.00000         0.258932E-03     0.354392E-04     0.306941E-03
  -626.071          0.00000         0.269928E-03     0.371055E-04     0.324088E-03
  -622.793          0.00000         0.281326E-03     0.388163E-04     0.342204E-03
  -619.515          0.00000         0.293144E-03     0.406099E-04     0.361360E-03
  -616.237          0.00000         0.305404E-03     0.425431E-04     0.381635E-03
  -612.959          0.00000         0.318132E-03     0.445794E-04     0.403118E-03
  -609.681         0.846575E-03     0.331353E-03     0.466548E-04     0.425903E-03
  -606.404         0.858817E-03     0.345100E-03     0.488438E-04     0.450093E-03
  -603.126         0.865040E-03     0.359404E-03     0.510992E-04     0.475802E-03
  -599.848         0.877697E-03     0.374305E-03     0.533758E-04     0.503153E-03
  -596.570         0.890641E-03     0.389845E-03     0.558765E-04     0.532278E-03
  -593.292         0.897224E-03     0.406071E-03     0.584505E-04     0.563323E-03
  -590.014         0.910616E-03     0.423034E-03     0.611593E-04     0.596443E-03
  -586.736         0.917428E-03     0.440793E-03     0.639883E-04     0.631807E-03
  -583.459         0.931290E-03     0.459413E-03     0.668890E-04     0.669595E-03
  -580.181         0.945477E-03     0.478963E-03     0.699950E-04     0.710000E-03
  -576.903         0.952695E-03     0.499521E-03     0.731797E-04     0.753231E-03
  -573.625         0.967390E-03     0.521174E-03     0.764899E-04     0.799510E-03
  -570.347         0.974869E-03     0.544015E-03     0.800856E-04     0.849071E-03
  -567.069         0.990096E-03     0.568148E-03     0.837427E-04     0.902165E-03
  -563.791         0.100569E-02     0.593685E-03     0.876398E-04     0.959058E-03
  -560.514         0.101363E-02     0.620749E-03     0.917642E-04     0.102003E-02
  -557.236         0.102981E-02     0.649472E-03     0.962147E-04     0.108538E-02
  -553.958         0.104639E-02     0.679999E-03     0.100844E-03     0.115541E-02
  -550.680         0.105483E-02     0.712487E-03     0.105610E-03     0.123045E-02
  -547.402         0.107203E-02     0.747105E-03     0.110764E-03     0.131084E-02
  -544.124         0.108080E-02     0.784034E-03     0.116066E-03     0.139693E-02
  -540.846         0.109866E-02     0.823469E-03     0.121871E-03     0.148910E-02
  -537.569         0.111699E-02     0.865620E-03     0.127989E-03     0.158772E-02
  -534.291         0.112633E-02     0.910711E-03     0.134535E-03     0.169318E-02
  -531.013         0.114537E-02     0.958981E-03     0.141450E-03     0.180590E-02
  -527.735         0.115508E-02     0.101068E-02     0.148791E-03     0.192629E-02
  -524.457         0.117489E-02     0.106609E-02     0.156338E-03     0.205478E-02
  -521.179         0.119522E-02     0.112548E-02     0.164695E-03     0.219180E-02
  -517.901         0.120559E-02     0.118916E-02     0.173678E-03     0.233780E-02
  -514.624         0.122675E-02     0.125746E-02     0.183107E-03     0.249324E-02
  -511.346         0.124850E-02     0.133069E-02     0.193265E-03     0.265856E-02
  -508.068         0.125959E-02     0.140923E-02     0.204151E-03     0.283423E-02
  -504.790         0.128224E-02     0.149343E-02     0.215573E-03     0.302072E-02
  -501.512         0.129381E-02     0.158367E-02     0.227830E-03     0.321850E-02
  -498.234         0.131742E-02     0.168037E-02     0.241258E-03     0.342804E-02
  -494.956         0.134171E-02     0.178394E-02     0.255854E-03     0.364980E-02
  -491.679         0.135412E-02     0.189480E-02     0.271085E-03     0.388426E-02
  -488.401         0.137947E-02     0.201342E-02     0.287229E-03     0.413188E-02
  -485.123         0.139243E-02     0.214025E-02     0.304794E-03     0.439315E-02
  -481.845         0.141891E-02     0.227577E-02     0.323708E-03     0.466852E-02
  -478.567         0.144619E-02     0.242048E-02     0.343816E-03     0.495846E-02
  -475.289         0.146013E-02     0.257488E-02     0.365115E-03     0.526343E-02
  -472.011         0.148866E-02     0.273948E-02     0.387653E-03     0.558390E-02
  -468.734         0.151807E-02     0.291482E-02     0.412037E-03     0.592035E-02
  -465.456         0.153312E-02     0.310145E-02     0.437762E-03     0.627323E-02
  -462.178         0.156393E-02     0.329991E-02     0.465829E-03     0.664302E-02
  -458.900         0.157970E-02     0.351076E-02     0.496059E-03     0.703022E-02
  -455.622         0.161201E-02     0.373458E-02     0.528753E-03     0.743530E-02
  -452.344         0.164538E-02     0.397196E-02     0.562429E-03     0.785878E-02
  -449.066         0.166248E-02     0.422348E-02     0.598832E-03     0.830119E-02
  -445.789         0.169754E-02     0.448973E-02     0.638640E-03     0.876309E-02
  -442.511         0.171551E-02     0.477134E-02     0.679935E-03     0.924505E-02
  -439.233         0.175239E-02     0.506890E-02     0.725022E-03     0.974770E-02
  -435.955         0.179057E-02     0.538305E-02     0.771644E-03     0.102717E-01
  -432.677         0.181016E-02     0.571441E-02     0.820596E-03     0.108178E-01
  -429.399         0.185042E-02     0.606363E-02     0.873157E-03     0.113867E-01
  -426.121         0.189216E-02     0.643135E-02     0.929604E-03     0.119793E-01
  -422.844         0.191361E-02     0.681823E-02     0.991606E-03     0.125965E-01
  -419.566         0.195774E-02     0.722495E-02     0.105539E-02     0.132393E-01
  -416.288         0.198044E-02     0.765218E-02     0.112431E-02     0.139088E-01
  -413.010         0.202718E-02     0.810062E-02     0.119347E-02     0.146062E-01
  -409.732         0.207580E-02     0.857099E-02     0.126935E-02     0.153329E-01
  -406.454         0.210084E-02     0.906402E-02     0.135168E-02     0.160902E-01
  -403.176         0.215250E-02     0.958047E-02     0.143371E-02     0.168797E-01
  -399.899         0.217914E-02     0.101211E-01     0.152676E-02     0.177032E-01
  -396.621         0.223414E-02     0.106868E-01     0.162224E-02     0.185626E-01
  -393.343         0.229157E-02     0.112782E-01     0.172370E-02     0.194598E-01
  -390.065         0.232124E-02     0.118964E-01     0.182694E-02     0.203971E-01
  -386.787         0.238261E-02     0.125423E-01     0.194045E-02     0.213767E-01
  -383.509         0.244684E-02     0.132167E-01     0.206099E-02     0.224013E-01
  -380.231         0.248010E-02     0.139207E-01     0.218477E-02     0.234736E-01
  -376.954         0.254902E-02     0.146553E-01     0.231467E-02     0.245963E-01
  -373.676         0.258475E-02     0.154216E-01     0.245710E-02     0.257725E-01
  -370.398         0.265890E-02     0.162209E-01     0.259918E-02     0.270055E-01
  -367.120         0.273684E-02     0.170542E-01     0.275501E-02     0.282986E-01
  -363.842         0.277733E-02     0.179230E-01     0.291612E-02     0.296552E-01
  -360.564         0.286153E-02     0.188285E-01     0.308742E-02     0.310789E-01
  -357.286         0.290532E-02     0.197722E-01     0.326558E-02     0.325735E-01
  -354.009         0.299651E-02     0.207557E-01     0.344864E-02     0.341427E-01
  -350.731         0.309280E-02     0.217803E-01     0.364553E-02     0.357903E-01
  -347.453         0.314299E-02     0.228478E-01     0.385795E-02     0.375202E-01
  -344.175         0.324771E-02     0.239599E-01     0.408196E-02     0.393361E-01
  -340.897         0.335860E-02     0.251184E-01     0.430616E-02     0.412418E-01
  -337.619         0.341650E-02     0.263250E-01     0.455597E-02     0.432408E-01
  -334.341         0.353756E-02     0.275816E-01     0.480347E-02     0.453366E-01
  -331.064         0.360085E-02     0.288901E-01     0.506614E-02     0.475324E-01
  -327.786         0.373331E-02     0.302525E-01     0.534780E-02     0.498311E-01
  -324.508         0.387411E-02     0.316706E-01     0.564002E-02     0.522352E-01
  -321.230         0.394785E-02     0.331465E-01     0.595703E-02     0.547467E-01
  -317.952         0.410242E-02     0.346821E-01     0.627217E-02     0.573673E-01
  -314.674         0.418344E-02     0.362792E-01     0.661461E-02     0.600980E-01
  -311.396         0.435342E-02     0.379396E-01     0.696867E-02     0.629392E-01
  -308.119         0.453468E-02     0.396650E-01     0.733573E-02     0.658903E-01
  -304.841         0.462981E-02     0.414570E-01     0.772204E-02     0.689503E-01
  -301.563         0.482963E-02     0.433171E-01     0.813743E-02     0.721169E-01
  -298.285         0.504301E-02     0.452463E-01     0.857754E-02     0.753871E-01
  -295.007         0.515510E-02     0.472458E-01     0.902896E-02     0.787567E-01
  -291.729         0.539075E-02     0.493162E-01     0.950560E-02     0.822203E-01
  -288.451         0.551460E-02     0.514579E-01     0.100059E-01     0.857716E-01
  -285.174         0.577505E-02     0.536708E-01     0.105289E-01     0.894027E-01
  -281.896         0.605356E-02     0.559547E-01     0.110700E-01     0.931045E-01
  -278.618         0.619999E-02     0.583086E-01     0.116248E-01     0.968667E-01
  -275.340         0.650805E-02     0.607312E-01     0.122058E-01     0.100678    
  -272.062         0.667002E-02     0.632205E-01     0.128387E-01     0.104524    
  -268.784         0.701080E-02     0.657741E-01     0.134796E-01     0.108391    
  -265.506         0.737527E-02     0.683888E-01     0.141783E-01     0.112263    
  -262.229         0.756690E-02     0.710608E-01     0.148572E-01     0.116123    
  -258.951         0.796996E-02     0.737855E-01     0.155809E-01     0.119952    
  -255.673         0.840086E-02     0.765576E-01     0.163016E-01     0.123731    
  -252.395         0.862732E-02     0.793711E-01     0.171156E-01     0.127438    
  -249.117         0.910337E-02     0.822190E-01     0.179444E-01     0.131052    
  -245.839         0.935345E-02     0.850938E-01     0.187867E-01     0.134550    
  -242.561         0.987893E-02     0.879868E-01     0.196671E-01     0.137908    
  -239.284         0.104398E-01     0.908888E-01     0.205754E-01     0.141103    
  -236.006         0.107342E-01     0.937898E-01     0.215069E-01     0.144110    
  -232.728         0.113522E-01     0.966789E-01     0.224453E-01     0.146905    
  -229.450         0.116763E-01     0.995445E-01     0.234176E-01     0.149463    
  -226.172         0.123560E-01     0.102374         0.244836E-01     0.151761    
  -222.894         0.130798E-01     0.105156         0.255193E-01     0.153775    
  -219.616         0.134589E-01     0.107875         0.265484E-01     0.155484    
  -216.339         0.142529E-01     0.110519         0.276631E-01     0.156865    
  -213.061         0.150964E-01     0.113073         0.287840E-01     0.157900    
  -209.783         0.155375E-01     0.115523         0.298998E-01     0.158571    
  -206.505         0.164598E-01     0.117854         0.309666E-01     0.158861    
  -203.227         0.169415E-01     0.120053         0.321480E-01     0.158758    
  -199.949         0.179474E-01     0.122105         0.333459E-01     0.158252    
  -196.671         0.190119E-01     0.123996         0.345467E-01     0.157334    
  -193.394         0.195668E-01     0.125713         0.357290E-01     0.155999    
  -190.116         0.207230E-01     0.127244         0.369504E-01     0.154246    
  -186.838         0.213249E-01     0.128578         0.381286E-01     0.152078    
  -183.560         0.225772E-01     0.129703         0.393175E-01     0.149500    
  -180.282         0.238959E-01     0.130610         0.405298E-01     0.146522    
  -177.004         0.245806E-01     0.131292         0.417073E-01     0.143155    
  -173.726         0.260016E-01     0.131741         0.428896E-01     0.139417    
  -170.449         0.274925E-01     0.131954         0.440986E-01     0.135328    
  -167.171         0.282646E-01     0.131926         0.452415E-01     0.130912    
  -163.893         0.298622E-01     0.131657         0.463815E-01     0.126196    
  -160.615         0.306880E-01     0.131148         0.474831E-01     0.121208    
  -157.337         0.323936E-01     0.130401         0.485717E-01     0.115982    
  -154.059         0.341714E-01     0.129421         0.496481E-01     0.110553    
  -150.781         0.350874E-01     0.128213         0.507054E-01     0.104957    
  -147.504         0.369728E-01     0.126788         0.516728E-01     0.992327E-01
  -144.226         0.379421E-01     0.125154         0.526701E-01     0.934198E-01
  -140.948         0.399329E-01     0.123325         0.536229E-01     0.875579E-01
  -137.670         0.419921E-01     0.121312         0.545096E-01     0.816870E-01
  -134.392         0.430466E-01     0.119132         0.554022E-01     0.758467E-01
  -131.114         0.452039E-01     0.116799         0.562446E-01     0.700755E-01
  -127.836         0.474229E-01     0.114332         0.570146E-01     0.644101E-01
  -124.559         0.485545E-01     0.111746         0.577580E-01     0.588855E-01
  -121.281         0.508591E-01     0.109060         0.585361E-01     0.535341E-01
  -118.003         0.520309E-01     0.106292         0.591985E-01     0.483854E-01
  -114.725         0.544107E-01     0.103459         0.598689E-01     0.434654E-01
  -111.447         0.568338E-01     0.100578         0.604974E-01     0.387967E-01
  -108.169         0.580596E-01     0.976656E-01     0.611446E-01     0.343980E-01
  -104.891         0.605357E-01     0.947357E-01     0.617445E-01     0.302840E-01
  -101.614         0.617842E-01     0.918023E-01     0.622298E-01     0.264652E-01
  -98.3357         0.642972E-01     0.888772E-01     0.627553E-01     0.229479E-01
  -95.0579         0.668245E-01     0.859703E-01     0.632395E-01     0.197346E-01
  -91.7800         0.680909E-01     0.830897E-01     0.637090E-01     0.168235E-01
  -88.5021         0.706233E-01     0.802412E-01     0.641512E-01     0.142095E-01
  -85.2243         0.731471E-01     0.774285E-01     0.646946E-01     0.118838E-01
  -81.9464         0.744027E-01     0.746530E-01     0.651025E-01     0.983470E-02
  -78.6686         0.768945E-01     0.719140E-01     0.655176E-01     0.804767E-02
  -75.3907         0.781281E-01     0.692088E-01     0.658726E-01     0.650612E-02
  -72.1129         0.805638E-01     0.665327E-01     0.663127E-01     0.519168E-02
  -68.8350         0.829481E-01     0.638794E-01     0.666557E-01     0.408472E-02
  -65.5571         0.841174E-01     0.612410E-01     0.670872E-01     0.316485E-02
  -62.2793         0.864031E-01     0.586086E-01     0.674903E-01     0.241138E-02
  -59.0014         0.875167E-01     0.559724E-01     0.678637E-01     0.180381E-02
  -55.7236         0.896779E-01     0.533219E-01     0.681867E-01     0.132219E-02
  -52.4457         0.917419E-01     0.506468E-01     0.685822E-01     0.947536E-03
  -49.1679         0.927339E-01     0.479368E-01     0.690185E-01     0.662096E-03
  -45.8900         0.946311E-01     0.451821E-01     0.693505E-01     0.449632E-03
  -42.6121         0.964036E-01     0.423740E-01     0.696805E-01     0.295582E-03
  -39.3343         0.972399E-01     0.395050E-01     0.699125E-01     0.187173E-03
  -36.0564         0.988066E-01     0.365689E-01     0.702825E-01     0.113463E-03
  -32.7786         0.995346E-01     0.335614E-01     0.704781E-01     0.653197E-04
  -29.5007         0.100875         0.304802E-01     0.707272E-01     0.353379E-04
  -26.2229         0.102053         0.273247E-01     0.712399E-01     0.177117E-04
  -22.9450         0.102580         0.240966E-01     0.716199E-01     0.806188E-05
  -19.6671         0.103503         0.207995E-01     0.716002E-01     0.323647E-05
  -16.3893         0.103899         0.174392E-01     0.715680E-01     0.109518E-05
  -13.1114         0.104554         0.140230E-01     0.716512E-01     0.289542E-06
  -9.83357         0.105025         0.105601E-01     0.719676E-01     0.518737E-07
  -6.55571         0.105191         0.706079E-02     0.717242E-01     0.457561E-08
  -3.27786         0.105381         0.353670E-02     0.717011E-01     0.716968E-10
   3.27786         0.105381         0.353670E-02     0.717011E-01     0.716968E-10
   6.55571         0.105191         0.706079E-02     0.717242E-01     0.457561E-08
   9.83357         0.105025         0.105601E-01     0.719676E-01     0.518737E-07
   13.1114         0.104554         0.140230E-01     0.716512E-01     0.289542E-06
   16.3893         0.103899         0.174392E-01     0.715680E-01     0.109518E-05
   19.6671         0.103503         0.207995E-01     0.716002E-01     0.323647E-05
   22.9450         0.102580         0.240966E-01     0.716199E-01     0.806188E-05
   26.2229         0.102053         0.273247E-01     0.712399E-01     0.177117E-04
   29.5007         0.100875         0.304802E-01     0.707272E-01     0.353379E-04
   32.7786         0.995346E-01     0.335614E-01     0.704781E-01     0.653197E-04
   36.0564         0.988066E-01     0.365689E-01     0.702825E-01     0.113463E-03
   39.3343         0.972399E-01     0.395050E-01     0.699125E-01     0.187173E-03
   42.6121         0.964036E-01     0.423740E-01     0.696805E-01     0.295582E-03
   45.8900         0.946311E-01     0.451821E-01     0.693505E-01     0.449632E-03
   49.1679         0.927339E-01     0.479368E-01     0.690185E-01     0.662096E-03
   52.4457         0.917419E-01     0.506468E-01     0.685822E-01     0.947536E-03
   55.7236         0.896779E-01     0.533219E-01     0.681867E-01     0.132219E-02
   59.0014         0.875167E-01     0.559724E-01     0.678637E-01     0.180381E-02
   62.2793         0.864031E-01     0.586086E-01     0.674903E-01     0.241138E-02
   65.5571         0.841174E-01     0.612410E-01     0.670872E-01     0.316485E-02
   68.8350         0.829481E-01     0.638794E-01     0.666557E-01     0.408472E-02
   72.1129         0.805638E-01     0.665327E-01     0.663127E-01     0.519168E-02
   75.3907         0.781281E-01     0.692088E-01     0.658726E-01     0.650612E-02
   78.6686         0.768945E-01     0.719140E-01     0.655176E-01     0.804767E-02
   81.9464         0.744027E-01     0.746530E-01     0.651025E-01     0.983470E-02
   85.2243         0.731471E-01     0.774285E-01     0.646946E-01     0.118838E-01
   88.5021         0.706233E-01     0.802412E-01     0.641512E-01     0.142095E-01
   91.7800         0.680909E-01     0.830897E-01     0.637090E-01     0.168235E-01
   95.0579         0.668245E-01     0.859703E-01     0.632395E-01     0.197346E-01
   98.3357         0.642972E-01     0.888772E-01     0.627553E-01     0.229479E-01
   101.614         0.617842E-01     0.918023E-01     0.622298E-01     0.264652E-01
   104.891         0.605357E-01     0.947357E-01     0.617445E-01     0.302840E-01
   108.169         0.580596E-01     0.976656E-01     0.611446E-01     0.343980E-01
   111.447         0.568338E-01     0.100578         0.604974E-01     0.387967E-01
   114.725         0.544107E-01     0.103459         0.598689E-01     0.434654E-01
   118.003         0.520309E-01     0.106292         0.591985E-01     0.483854E-01
   121.281         0.508591E-01     0.109060         0.585361E-01     0.535341E-01
   124.559         0.485545E-01     0.111746         0.577580E-01     0.588855E-01
   127.836         0.474229E-01     0.114332         0.570146E-01     0.644101E-01
   131.114         0.452039E-01     0.116799         0.562446E-01     0.700755E-01
   134.392         0.430466E-01     0.119132         0.554022E-01     0.758467E-01
   137.670         0.419921E-01     0.121312         0.545096E-01     0.816870E-01
   140.948         0.399329E-01     0.123325         0.536229E-01     0.875579E-01
   144.226         0.379421E-01     0.125154         0.526701E-01     0.934198E-01
   147.504         0.369728E-01     0.126788         0.516728E-01     0.992327E-01
   150.781         0.350874E-01     0.128213         0.507054E-01     0.104957    
   154.059         0.341714E-01     0.129421         0.496481E-01     0.110553    
   157.337         0.323936E-01     0.130401         0.485717E-01     0.115982    
   160.615         0.306880E-01     0.131148         0.474831E-01     0.121208    
   163.893         0.298622E-01     0.131657         0.463815E-01     0.126196    
   167.171         0.282646E-01     0.131926         0.452415E-01     0.130912    
   170.449         0.274925E-01     0.131954         0.440986E-01     0.135328    
   173.726         0.260016E-01     0.131741         0.428896E-01     0.139417    
   177.004         0.245806E-01     0.131292         0.417073E-01     0.143155    
   180.282         0.238959E-01     0.130610         0.405298E-01     0.146522    
   183.560         0.225772E-01     0.129703         0.393175E-01     0.149500    
   186.838         0.213249E-01     0.128578         0.381286E-01     0.152078    
   190.116         0.207230E-01     0.127244         0.369504E-01     0.154246    
   193.394         0.195668E-01     0.125713         0.357290E-01     0.155999    
   196.671         0.190119E-01     0.123996         0.345467E-01     0.157334    
   199.949         0.179474E-01     0.122105         0.333459E-01     0.158252    
   203.227         0.169415E-01     0.120053         0.321480E-01     0.158758    
   206.505         0.164598E-01     0.117854         0.309666E-01     0.158861    
   209.783         0.155375E-01     0.115523         0.298998E-01     0.158571    
   213.061         0.150964E-01     0.113073         0.287840E-01     0.157900    
   216.339         0.142529E-01     0.110519         0.276631E-01     0.156865    
   219.616         0.134589E-01     0.107875         0.265484E-01     0.155484    
   222.894         0.130798E-01     0.105156         0.255193E-01     0.153775    
   226.172         0.123560E-01     0.102374         0.244836E-01     0.151761    
   229.450         0.116763E-01     0.995445E-01     0.234176E-01     0.149463    
   232.728         0.113522E-01     0.966789E-01     0.224453E-01     0.146905    
   236.006         0.107342E-01     0.937898E-01     0.215069E-01     0.144110    
   239.284         0.104398E-01     0.908888E-01     0.205754E-01     0.141103    
   242.561         0.987893E-02     0.879868E-01     0.196671E-01     0.137908    
   245.839         0.935345E-02     0.850938E-01     0.187867E-01     0.134550    
   249.117         0.910337E-02     0.822190E-01     0.179444E-01     0.131052    
   252.395         0.862732E-02     0.793711E-01     0.171156E-01     0.127438    
   255.673         0.840086E-02     0.765576E-01     0.163016E-01     0.123731    
   258.951         0.796996E-02     0.737855E-01     0.155809E-01     0.119952    
   262.229         0.756690E-02     0.710608E-01     0.148572E-01     0.116123    
   265.506         0.737527E-02     0.683888E-01     0.141783E-01     0.112263    
   268.784         0.701080E-02     0.657741E-01     0.134796E-01     0.108391    
   272.062         0.667002E-02     0.632205E-01     0.128387E-01     0.104524    
   275.340         0.650805E-02     0.607312E-01     0.122058E-01     0.100678    
   278.618         0.619999E-02     0.583086E-01     0.116248E-01     0.968667E-01
   281.896         0.605356E-02     0.559547E-01     0.110700E-01     0.931045E-01
   285.174         0.577505E-02     0.536708E-01     0.105289E-01     0.894027E-01
   288.451         0.551460E-02     0.514579E-01     0.100059E-01     0.857716E-01
   291.729         0.539075E-02     0.493162E-01     0.950560E-02     0.822203E-01
   295.007         0.515510E-02     0.472458E-01     0.902896E-02     0.787567E-01
   298.285         0.504301E-02     0.452463E-01     0.857754E-02     0.753871E-01
   301.563         0.482963E-02     0.433171E-01     0.813743E-02     0.721169E-01
   304.841         0.462981E-02     0.414570E-01     0.772204E-02     0.689503E-01
   308.119         0.453468E-02     0.396650E-01     0.733573E-02     0.658903E-01
   311.396         0.435342E-02     0.379396E-01     0.696867E-02     0.629392E-01
   314.674         0.418344E-02     0.362792E-01     0.661461E-02     0.600980E-01
   317.952         0.410242E-02     0.346821E-01     0.627217E-02     0.573673E-01
   321.230         0.394785E-02     0.331465E-01     0.595703E-02     0.547467E-01
   324.508         0.387411E-02     0.316706E-01     0.564002E-02     0.522352E-01
   327.786         0.373331E-02     0.302525E-01     0.534780E-02     0.498311E-01
   331.064         0.360085E-02     0.288901E-01     0.506614E-02     0.475324E-01
   334.341         0.353756E-02     0.275816E-01     0.480347E-02     0.453366E-01
   337.619         0.341650E-02     0.263250E-01     0.455597E-02     0.432408E-01
   340.897         0.335860E-02     0.251184E-01     0.430616E-02     0.412418E-01
   344.175         0.324771E-02     0.239599E-01     0.408196E-02     0.393361E-01
   347.453         0.314299E-02     0.228478E-01     0.385795E-02     0.375202E-01
   350.731         0.309280E-02     0.217803E-01     0.364553E-02     0.357903E-01
   354.009         0.299651E-02     0.207557E-01     0.344864E-02     0.341427E-01
   357.286         0.290532E-02     0.197722E-01     0.326558E-02     0.325735E-01
   360.564         0.286153E-02     0.188285E-01     0.308742E-02     0.310789E-01
   363.842         0.277733E-02     0.179230E-01     0.291612E-02     0.296552E-01
   367.120         0.273684E-02     0.170542E-01     0.275501E-02     0.282986E-01
   370.398         0.265890E-02     0.162209E-01     0.259918E-02     0.270055E-01
   373.676         0.258475E-02     0.154216E-01     0.245710E-02     0.257725E-01
   376.954         0.254902E-02     0.146553E-01     0.231467E-02     0.245963E-01
   380.231         0.248010E-02     0.139207E-01     0.218477E-02     0.234736E-01
   383.509         0.244684E-02     0.132167E-01     0.206099E-02     0.224013E-01
   386.787         0.238261E-02     0.125423E-01     0.194045E-02     0.213767E-01
   390.065         0.232124E-02     0.118964E-01     0.182694E-02     0.203971E-01
   393.343         0.229157E-02     0.112782E-01     0.172370E-02     0.194598E-01
   396.621         0.223414E-02     0.106868E-01     0.162224E-02     0.185626E-01
   399.899         0.217914E-02     0.101211E-01     0.152676E-02     0.177032E-01
   403.176         0.215250E-02     0.958047E-02     0.143371E-02     0.168797E-01
   406.454         0.210084E-02     0.906402E-02     0.135168E-02     0.160902E-01
   409.732         0.207580E-02     0.857099E-02     0.126935E-02     0.153329E-01
   413.010         0.202718E-02     0.810062E-02     0.119347E-02     0.146062E-01
   416.288         0.198044E-02     0.765218E-02     0.112431E-02     0.139088E-01
   419.566         0.195774E-02     0.722495E-02     0.105539E-02     0.132393E-01
   422.844         0.191361E-02     0.681823E-02     0.991606E-03     0.125965E-01
   426.121         0.189216E-02     0.643135E-02     0.929604E-03     0.119793E-01
   429.399         0.185042E-02     0.606363E-02     0.873157E-03     0.113867E-01
   432.677         0.181016E-02     0.571441E-02     0.820596E-03     0.108178E-01
   435.955         0.179057E-02     0.538305E-02     0.771644E-03     0.102717E-01
   439.233         0.175239E-02     0.506890E-02     0.725022E-03     0.974770E-02
   442.511         0.171551E-02     0.477134E-02     0.679935E-03     0.924505E-02
   445.789         0.169754E-02     0.448973E-02     0.638640E-03     0.876309E-02
   449.066         0.166248E-02     0.422348E-02     0.598832E-03     0.830119E-02
   452.344         0.164538E-02     0.397196E-02     0.562429E-03     0.785878E-02
   455.622         0.161201E-02     0.373458E-02     0.528753E-03     0.743530E-02
   458.900         0.157970E-02     0.351076E-02     0.496059E-03     0.703022E-02
   462.178         0.156393E-02     0.329991E-02     0.465829E-03     0.664302E-02
   465.456         0.153312E-02     0.310145E-02     0.437762E-03     0.627323E-02
   468.734         0.151807E-02     0.291482E-02     0.412037E-03     0.592035E-02
   472.011         0.148866E-02     0.273948E-02     0.387653E-03     0.558390E-02
   475.289         0.146013E-02     0.257488E-02     0.365115E-03     0.526343E-02
   478.567         0.144619E-02     0.242048E-02     0.343816E-03     0.495846E-02
   481.845         0.141891E-02     0.227577E-02     0.323708E-03     0.466852E-02
   485.123         0.139243E-02     0.214025E-02     0.304794E-03     0.439315E-02
   488.401         0.137947E-02     0.201342E-02     0.287229E-03     0.413188E-02
   491.679         0.135412E-02     0.189480E-02     0.271085E-03     0.388426E-02
   494.956         0.134171E-02     0.178394E-02     0.255854E-03     0.364980E-02
   498.234         0.131742E-02     0.168037E-02     0.241258E-03     0.342804E-02
   501.512         0.129381E-02     0.158367E-02     0.227830E-03     0.321850E-02
   504.790         0.128224E-02     0.149343E-02     0.215573E-03     0.302072E-02
   508.068         0.125959E-02     0.140923E-02     0.204151E-03     0.283423E-02
   511.346         0.124850E-02     0.133069E-02     0.193265E-03     0.265856E-02
   514.624         0.122675E-02     0.125746E-02     0.183107E-03     0.249324E-02
   517.901         0.120559E-02     0.118916E-02     0.173678E-03     0.233780E-02
   521.179         0.119522E-02     0.112548E-02     0.164695E-03     0.219180E-02
   524.457         0.117489E-02     0.106609E-02     0.156338E-03     0.205478E-02
   527.735         0.115508E-02     0.101068E-02     0.148791E-03     0.192629E-02
   531.013         0.114537E-02     0.958981E-03     0.141450E-03     0.180590E-02
   534.291         0.112633E-02     0.910711E-03     0.134535E-03     0.169318E-02
   537.569         0.111699E-02     0.865620E-03     0.127989E-03     0.158772E-02
   540.846         0.109866E-02     0.823469E-03     0.121871E-03     0.148910E-02
   544.124         0.108080E-02     0.784034E-03     0.116066E-03     0.139693E-02
   547.402         0.107203E-02     0.747105E-03     0.110764E-03     0.131084E-02
   550.680         0.105483E-02     0.712487E-03     0.105610E-03     0.123045E-02
   553.958         0.104639E-02     0.679999E-03     0.100844E-03     0.115541E-02
   557.236         0.102981E-02     0.649472E-03     0.962147E-04     0.108538E-02
   560.514         0.101363E-02     0.620749E-03     0.917642E-04     0.102003E-02
   563.791         0.100569E-02     0.593685E-03     0.876398E-04     0.959058E-03
   567.069         0.990096E-03     0.568148E-03     0.837427E-04     0.902165E-03
   570.347         0.974869E-03     0.544015E-03     0.800856E-04     0.849071E-03
   573.625         0.967390E-03     0.521174E-03     0.764899E-04     0.799510E-03
   576.903         0.952695E-03     0.499521E-03     0.731797E-04     0.753231E-03
   580.181         0.945477E-03     0.478963E-03     0.699950E-04     0.710000E-03
   583.459         0.931290E-03     0.459413E-03     0.668890E-04     0.669595E-03
   586.736         0.917428E-03     0.440793E-03     0.639883E-04     0.631807E-03
   590.014         0.910616E-03     0.423034E-03     0.611593E-04     0.596443E-03
   593.292         0.897224E-03     0.406071E-03     0.584505E-04     0.563323E-03
   596.570         0.890641E-03     0.389845E-03     0.558765E-04     0.532278E-03
   599.848         0.877697E-03     0.374305E-03     0.533758E-04     0.503153E-03
   603.126         0.865040E-03     0.359404E-03     0.510992E-04     0.475802E-03
   606.404         0.858817E-03     0.345100E-03     0.488438E-04     0.450093E-03
   609.681         0.846575E-03     0.331353E-03     0.466548E-04     0.425903E-03
   612.959          0.00000         0.318132E-03     0.445794E-04     0.403118E-03
   616.237          0.00000         0.305404E-03     0.425431E-04     0.381635E-03
   619.515          0.00000         0.293144E-03     0.406099E-04     0.361360E-03
   622.793          0.00000         0.281326E-03     0.388163E-04     0.342204E-03
   626.071          0.00000         0.269928E-03     0.371055E-04     0.324088E-03
   629.349          0.00000         0.258932E-03     0.354392E-04     0.306941E-03
   632.626          0.00000         0.248319E-03     0.337837E-04     0.290695E-03
   635.904          0.00000         0.238075E-03     0.322459E-04     0.275291E-03
   639.182          0.00000         0.228184E-03     0.307367E-04     0.260674E-03
   642.460          0.00000         0.218634E-03     0.293375E-04     0.246795E-03
   645.738          0.00000         0.209413E-03     0.279546E-04     0.233608E-03
   649.016          0.00000         0.200511E-03     0.266559E-04     0.221072E-03
   652.294          0.00000         0.191919E-03     0.254003E-04     0.209150E-03
   655.571          0.00000         0.183626E-03     0.241647E-04     0.197808E-03
   658.849          0.00000         0.175625E-03     0.230049E-04     0.187014E-03
   662.127          0.00000         0.167908E-03     0.218989E-04     0.176741E-03
   665.405          0.00000         0.160467E-03     0.208550E-04     0.166962E-03
   668.683          0.00000         0.153295E-03     0.198542E-04     0.157653E-03
   671.961          0.00000         0.146387E-03     0.188898E-04     0.148792E-03
   675.239          0.00000         0.139734E-03     0.179867E-04     0.140359E-03
   678.516          0.00000         0.133331E-03     0.171023E-04     0.132335E-03
   681.794          0.00000         0.127172E-03     0.162834E-04     0.124702E-03
   685.072          0.00000         0.121251E-03     0.154649E-04     0.117443E-03
   688.350          0.00000         0.115561E-03     0.147033E-04     0.110543E-03
   691.628          0.00000         0.110097E-03     0.139680E-04     0.103986E-03
   694.906          0.00000         0.104853E-03     0.132580E-04     0.977599E-04
   698.184          0.00000         0.998231E-04     0.126165E-04     0.918498E-04
   701.461          0.00000         0.950016E-04     0.119910E-04     0.862432E-04
   704.739          0.00000         0.903828E-04     0.113920E-04     0.809276E-04
   708.017          0.00000         0.859610E-04     0.108274E-04     0.758913E-04
   711.295          0.00000         0.817305E-04     0.102803E-04     0.711225E-04
   714.573          0.00000         0.776857E-04     0.976680E-05     0.666102E-04
   717.851          0.00000         0.738209E-04     0.927542E-05     0.623435E-04
   721.129          0.00000         0.701307E-04     0.881867E-05     0.583118E-04
   724.406          0.00000         0.666095E-04     0.837983E-05     0.545050E-04
   727.684          0.00000         0.632518E-04     0.797641E-05     0.509129E-04
   730.962          0.00000         0.600522E-04     0.757297E-05     0.475260E-04
   734.240          0.00000         0.570053E-04     0.719405E-05     0.443348E-04
   737.518          0.00000         0.541059E-04     0.686321E-05     0.413302E-04
   740.796          0.00000         0.513488E-04     0.652470E-05     0.385032E-04
   744.074          0.00000         0.487289E-04     0.621445E-05     0.358453E-04
   747.351          0.00000         0.462410E-04     0.591287E-05     0.333480E-04
   750.629          0.00000         0.438802E-04     0.563572E-05     0.310033E-04
   753.907          0.00000         0.416417E-04     0.536696E-05     0.288034E-04
   757.185          0.00000         0.395208E-04     0.511599E-05     0.267407E-04
   760.463          0.00000         0.375126E-04     0.488368E-05     0.248079E-04
   763.741          0.00000         0.356127E-04     0.465970E-05     0.229982E-04
   767.019          0.00000         0.338167E-04     0.445375E-05     0.213046E-04
   770.296          0.00000         0.321201E-04     0.424720E-05     0.197209E-04
   773.574          0.00000         0.305188E-04     0.405835E-05     0.182409E-04
   776.852          0.00000         0.290086E-04     0.389137E-05     0.168586E-04
   780.130          0.00000         0.275855E-04     0.372624E-05     0.155684E-04
   783.408          0.00000         0.262456E-04     0.356581E-05     0.143650E-04
   786.686          0.00000         0.249851E-04     0.342283E-05     0.132432E-04
   789.964          0.00000         0.238003E-04     0.328289E-05     0.121983E-04
   793.241          0.00000         0.226877E-04     0.314706E-05     0.112255E-04
   796.519          0.00000         0.216437E-04     0.303155E-05     0.103206E-04
   799.797          0.00000         0.206650E-04     0.291916E-05     0.947929E-05
   803.075          0.00000         0.197484E-04     0.280480E-05     0.869777E-05
   806.353          0.00000         0.188908E-04     0.270887E-05     0.797227E-05
   809.631          0.00000         0.180890E-04     0.260763E-05     0.729930E-05
   812.909          0.00000         0.173402E-04     0.251724E-05     0.667552E-05
   816.186          0.00000         0.166415E-04     0.243809E-05     0.609782E-05
   819.464          0.00000         0.159902E-04     0.235262E-05     0.556323E-05
   822.742          0.00000         0.153837E-04     0.227875E-05     0.506898E-05
   826.020          0.00000         0.148194E-04     0.220282E-05     0.461242E-05
   829.298          0.00000         0.142949E-04     0.213143E-05     0.419110E-05
   832.576          0.00000         0.138079E-04     0.207520E-05     0.380267E-05
   835.854          0.00000         0.133560E-04     0.201052E-05     0.344494E-05
   839.131          0.00000         0.129372E-04     0.195577E-05     0.311584E-05
   842.409          0.00000         0.125494E-04     0.189704E-05     0.281344E-05
   845.687          0.00000         0.121906E-04     0.185327E-05     0.253590E-05
   848.965          0.00000         0.118589E-04     0.180043E-05     0.228150E-05
   852.243          0.00000         0.115525E-04     0.175029E-05     0.204862E-05
   855.521          0.00000         0.112697E-04     0.170278E-05     0.183575E-05
   858.799          0.00000         0.110088E-04     0.166216E-05     0.164146E-05
   862.076          0.00000         0.107682E-04     0.161869E-05     0.146442E-05
   865.354          0.00000         0.105465E-04     0.157618E-05     0.130335E-05
   868.632          0.00000         0.103423E-04     0.153570E-05     0.115710E-05
   871.910          0.00000         0.101542E-04     0.149682E-05     0.102454E-05
   875.188          0.00000         0.998101E-05     0.146987E-05     0.904657E-06
   878.466          0.00000         0.982142E-05     0.143378E-05     0.796468E-06
   881.744          0.00000         0.967435E-05     0.139856E-05     0.699069E-06
   885.021          0.00000         0.953873E-05     0.136463E-05     0.611614E-06
   888.299          0.00000         0.941354E-05     0.133144E-05     0.533308E-06
   891.577          0.00000         0.929784E-05     0.129937E-05     0.463412E-06
   894.855          0.00000         0.919074E-05     0.125734E-05     0.401234E-06
   898.133          0.00000         0.909140E-05     0.122672E-05     0.346129E-06
   901.411          0.00000         0.899906E-05     0.119697E-05     0.297496E-06
   904.689          0.00000         0.891297E-05     0.116785E-05     0.254775E-06
   907.966          0.00000         0.883246E-05     0.113918E-05     0.217444E-06
   911.244          0.00000         0.875690E-05     0.110576E-05     0.185017E-06
   914.522          0.00000         0.868570E-05     0.107813E-05     0.157043E-06
   917.800          0.00000         0.861832E-05     0.104014E-05     0.133102E-06
   921.078          0.00000         0.855426E-05     0.101342E-05     0.112805E-06
   924.356          0.00000         0.849306E-05     0.981606E-06     0.957893E-07
   927.634          0.00000         0.843429E-05     0.945049E-06     0.817206E-07
   930.911          0.00000         0.837756E-05     0.919649E-06     0.702879E-07
   934.189          0.00000         0.832253E-05     0.889110E-06     0.612036E-07
   937.467          0.00000         0.826886E-05     0.853339E-06     0.542020E-07
   940.745          0.00000         0.821627E-05     0.823567E-06     0.490377E-07
   944.023          0.00000         0.816449E-05     0.788571E-06     0.454843E-07
   947.301          0.00000         0.811329E-05     0.748419E-06     0.433336E-07
   950.579          0.00000         0.806245E-05     0.719417E-06     0.423940E-07
   953.856          0.00000         0.801180E-05     0.679872E-06     0.424898E-07
   957.134          0.00000         0.796116E-05     0.646133E-06     0.434604E-07
   960.412          0.00000         0.791039E-05     0.607417E-06     0.451589E-07
   963.690          0.00000         0.785937E-05     0.563489E-06     0.474520E-07
   966.968          0.00000         0.780800E-05     0.525370E-06     0.502183E-07
   970.246          0.00000         0.775618E-05     0.476796E-06     0.533484E-07
   973.524          0.00000         0.770384E-05     0.423267E-06     0.567439E-07
   976.801          0.00000         0.765093E-05     0.370250E-06     0.603165E-07
   980.079          0.00000         0.759740E-05     0.312355E-06     0.639876E-07
   983.357          0.00000         0.754322E-05     0.244327E-06     0.676878E-07
   986.635          0.00000         0.748836E-05     0.133692E-06     0.713561E-07
