 Knockout Xsection (mb) - j, l, nocc, SF -  0.5    0    2    1.00
     12.403
  
 Momentum distributions
    Q_i             dS/dQ_z          dS/dQ_t          dS/dQ_y          dS/dQ
  (MeV/C)          (mb/MeV/c)       (mb/MeV/c)       (mb/MeV/c)       (mb/MeV/c)
  -986.635          0.00000         0.876615E-05     0.160656E-06     0.225602E-05
  -983.357          0.00000         0.885475E-05     0.294052E-06     0.226278E-05
  -980.079          0.00000         0.894185E-05     0.376569E-06     0.226747E-05
  -976.801          0.00000         0.902724E-05     0.447142E-06     0.227003E-05
  -973.524          0.00000         0.911068E-05     0.512001E-06     0.227037E-05
  -970.246          0.00000         0.919195E-05     0.577588E-06     0.226841E-05
  -966.968          0.00000         0.927082E-05     0.637314E-06     0.226410E-05
  -963.690          0.00000         0.934704E-05     0.684531E-06     0.225739E-05
  -960.412          0.00000         0.942040E-05     0.738724E-06     0.224823E-05
  -957.134          0.00000         0.949065E-05     0.786570E-06     0.223661E-05
  -953.856          0.00000         0.955755E-05     0.828428E-06     0.222250E-05
  -950.579          0.00000         0.962089E-05     0.877172E-06     0.220590E-05
  -947.301          0.00000         0.968042E-05     0.913119E-06     0.218684E-05
  -944.023          0.00000         0.973593E-05     0.962267E-06     0.216534E-05
  -940.745          0.00000         0.978720E-05     0.100501E-05     0.214145E-05
  -937.467          0.00000         0.983401E-05     0.104115E-05     0.211525E-05
  -934.189          0.00000         0.987617E-05     0.108424E-05     0.208683E-05
  -930.911          0.00000         0.991348E-05     0.112062E-05     0.205628E-05
  -927.634          0.00000         0.994575E-05     0.115041E-05     0.202376E-05
  -924.356          0.00000         0.997281E-05     0.119309E-05     0.198942E-05
  -921.078          0.00000         0.999452E-05     0.122960E-05     0.195345E-05
  -917.800          0.00000         0.100107E-04     0.125933E-05     0.191606E-05
  -914.522          0.00000         0.100213E-04     0.130194E-05     0.187748E-05
  -911.244          0.00000         0.100262E-04     0.133129E-05     0.183801E-05
  -907.966          0.00000         0.100252E-04     0.136673E-05     0.179794E-05
  -904.689          0.00000         0.100184E-04     0.139553E-05     0.175763E-05
  -901.411          0.00000         0.100056E-04     0.142402E-05     0.171745E-05
  -898.133          0.00000         0.998702E-05     0.145209E-05     0.167784E-05
  -894.855          0.00000         0.996254E-05     0.148003E-05     0.163926E-05
  -891.577          0.00000         0.993227E-05     0.152044E-05     0.160224E-05
  -888.299          0.00000         0.989631E-05     0.154726E-05     0.156733E-05
  -885.021          0.00000         0.985482E-05     0.157385E-05     0.153517E-05
  -881.744          0.00000         0.980801E-05     0.159995E-05     0.150643E-05
  -878.466          0.00000         0.975612E-05     0.162569E-05     0.148184E-05
  -875.188          0.00000         0.969947E-05     0.165065E-05     0.146221E-05
  -871.910          0.00000         0.963843E-05     0.166236E-05     0.144840E-05
  -868.632          0.00000         0.957344E-05     0.168647E-05     0.144135E-05
  -865.354          0.00000         0.950501E-05     0.171021E-05     0.144206E-05
  -862.076          0.00000         0.943373E-05     0.173360E-05     0.145161E-05
  -858.799          0.00000         0.936027E-05     0.175646E-05     0.147116E-05
  -855.521          0.00000         0.928539E-05     0.177215E-05     0.150194E-05
  -852.243          0.00000         0.920993E-05     0.179439E-05     0.154528E-05
  -848.965          0.00000         0.913487E-05     0.181614E-05     0.160258E-05
  -845.687          0.00000         0.906124E-05     0.183752E-05     0.167534E-05
  -842.409          0.00000         0.899023E-05     0.184492E-05     0.176512E-05
  -839.131          0.00000         0.892313E-05     0.186604E-05     0.187359E-05
  -835.854          0.00000         0.886134E-05     0.188074E-05     0.200252E-05
  -832.576          0.00000         0.880641E-05     0.190160E-05     0.215375E-05
  -829.298          0.00000         0.876000E-05     0.190990E-05     0.232921E-05
  -826.020          0.00000         0.872395E-05     0.193130E-05     0.253096E-05
  -822.742          0.00000         0.870021E-05     0.195299E-05     0.276110E-05
  -819.464          0.00000         0.869089E-05     0.196816E-05     0.302186E-05
  -816.186          0.00000         0.869826E-05     0.199148E-05     0.331555E-05
  -812.909          0.00000         0.872474E-05     0.200256E-05     0.364458E-05
  -809.631          0.00000         0.877294E-05     0.202135E-05     0.401144E-05
  -806.353          0.00000         0.884562E-05     0.204771E-05     0.441874E-05
  -803.075          0.00000         0.894570E-05     0.206305E-05     0.486915E-05
  -799.797          0.00000         0.907631E-05     0.209313E-05     0.536547E-05
  -796.519          0.00000         0.924074E-05     0.211917E-05     0.591056E-05
  -793.241          0.00000         0.944247E-05     0.214121E-05     0.650739E-05
  -789.964          0.00000         0.968517E-05     0.217913E-05     0.715904E-05
  -786.686          0.00000         0.997270E-05     0.221410E-05     0.786866E-05
  -783.408          0.00000         0.103091E-04     0.224640E-05     0.863949E-05
  -780.130          0.00000         0.106986E-04     0.229581E-05     0.947489E-05
  -776.852          0.00000         0.111457E-04     0.234311E-05     0.103783E-04
  -773.574          0.00000         0.116550E-04     0.238938E-05     0.113532E-04
  -770.296          0.00000         0.122314E-04     0.244844E-05     0.124033E-04
  -767.019          0.00000         0.128798E-04     0.252008E-05     0.135322E-04
  -763.741          0.00000         0.136056E-04     0.258554E-05     0.147437E-04
  -760.463          0.00000         0.144141E-04     0.266429E-05     0.160417E-04
  -757.185          0.00000         0.153110E-04     0.274637E-05     0.174301E-04
  -753.907          0.00000         0.163021E-04     0.284330E-05     0.189128E-04
  -750.629          0.00000         0.173935E-04     0.295470E-05     0.204940E-04
  -747.351          0.00000         0.185913E-04     0.306551E-05     0.221775E-04
  -744.074          0.00000         0.199019E-04     0.319599E-05     0.239677E-04
  -740.796          0.00000         0.213318E-04     0.332937E-05     0.258684E-04
  -737.518          0.00000         0.228877E-04     0.348486E-05     0.278840E-04
  -734.240          0.00000         0.245765E-04     0.363868E-05     0.300183E-04
  -730.962          0.00000         0.264053E-04     0.382404E-05     0.322756E-04
  -727.684          0.00000         0.283810E-04     0.403119E-05     0.346597E-04
  -724.406          0.00000         0.305109E-04     0.423870E-05     0.371747E-04
  -721.129          0.00000         0.328024E-04     0.447581E-05     0.398242E-04
  -717.851          0.00000         0.352628E-04     0.472381E-05     0.426119E-04
  -714.573          0.00000         0.378996E-04     0.500089E-05     0.455415E-04
  -711.295          0.00000         0.407202E-04     0.529556E-05     0.486162E-04
  -708.017          0.00000         0.437322E-04     0.562006E-05     0.518393E-04
  -704.739          0.00000         0.469431E-04     0.595953E-05     0.552137E-04
  -701.461          0.00000         0.503603E-04     0.633193E-05     0.587422E-04
  -698.184          0.00000         0.539911E-04     0.672963E-05     0.624273E-04
  -694.906          0.00000         0.578429E-04     0.714739E-05     0.662712E-04
  -691.628          0.00000         0.619229E-04     0.761088E-05     0.702758E-04
  -688.350          0.00000         0.662380E-04     0.810665E-05     0.744429E-04
  -685.072          0.00000         0.707952E-04     0.862953E-05     0.787739E-04
  -681.794          0.00000         0.756010E-04     0.920020E-05     0.832698E-04
  -678.516          0.00000         0.806620E-04     0.977837E-05     0.879314E-04
  -675.239          0.00000         0.859842E-04     0.104164E-04     0.927594E-04
  -671.961          0.00000         0.915736E-04     0.110816E-04     0.977539E-04
  -668.683          0.00000         0.974356E-04     0.117926E-04     0.102915E-03
  -665.405          0.00000         0.103576E-03     0.125376E-04     0.108243E-03
  -662.127          0.00000         0.109998E-03     0.133326E-04     0.113736E-03
  -658.849          0.00000         0.116708E-03     0.141872E-04     0.119395E-03
  -655.571          0.00000         0.123709E-03     0.150889E-04     0.125219E-03
  -652.294          0.00000         0.131005E-03     0.160629E-04     0.131207E-03
  -649.016          0.00000         0.138599E-03     0.170647E-04     0.137358E-03
  -645.738          0.00000         0.146494E-03     0.181119E-04     0.143672E-03
  -642.460          0.00000         0.154691E-03     0.192273E-04     0.150148E-03
  -639.182          0.00000         0.163193E-03     0.203614E-04     0.156787E-03
  -635.904          0.00000         0.172001E-03     0.216066E-04     0.163587E-03
  -632.626          0.00000         0.181115E-03     0.228727E-04     0.170551E-03
  -629.349          0.00000         0.190536E-03     0.242480E-04     0.177678E-03
  -626.071          0.00000         0.200263E-03     0.256367E-04     0.184970E-03
  -622.793          0.00000         0.210297E-03     0.270737E-04     0.192432E-03
  -619.515          0.00000         0.220634E-03     0.285710E-04     0.200065E-03
  -616.237          0.00000         0.231275E-03     0.301922E-04     0.207876E-03
  -612.959          0.00000         0.242218E-03     0.319053E-04     0.215871E-03
  -609.681         0.334985E-03     0.253459E-03     0.336510E-04     0.224057E-03
  -606.404         0.339611E-03     0.264996E-03     0.354896E-04     0.232445E-03
  -603.126         0.341960E-03     0.276828E-03     0.373717E-04     0.241048E-03
  -599.848         0.346733E-03     0.288950E-03     0.392639E-04     0.249878E-03
  -596.570         0.351607E-03     0.301362E-03     0.413422E-04     0.258955E-03
  -593.292         0.354084E-03     0.314059E-03     0.434615E-04     0.268297E-03
  -590.014         0.359117E-03     0.327040E-03     0.456752E-04     0.277930E-03
  -586.736         0.361675E-03     0.340304E-03     0.479650E-04     0.287880E-03
  -583.459         0.366873E-03     0.353850E-03     0.502884E-04     0.298178E-03
  -580.181         0.372187E-03     0.367677E-03     0.527544E-04     0.308862E-03
  -576.903         0.374887E-03     0.381786E-03     0.552388E-04     0.319972E-03
  -573.625         0.380378E-03     0.396181E-03     0.577848E-04     0.331554E-03
  -570.347         0.383170E-03     0.410864E-03     0.605173E-04     0.343661E-03
  -567.069         0.388848E-03     0.425844E-03     0.632478E-04     0.356351E-03
  -563.791         0.394654E-03     0.441128E-03     0.660996E-04     0.369688E-03
  -560.514         0.397607E-03     0.456727E-03     0.690512E-04     0.383745E-03
  -557.236         0.403614E-03     0.472656E-03     0.721879E-04     0.398601E-03
  -553.958         0.409760E-03     0.488933E-03     0.753653E-04     0.414342E-03
  -550.680         0.412887E-03     0.505579E-03     0.785449E-04     0.431065E-03
  -547.402         0.419250E-03     0.522622E-03     0.819148E-04     0.448873E-03
  -544.124         0.422487E-03     0.540093E-03     0.852955E-04     0.467878E-03
  -540.846         0.429077E-03     0.558028E-03     0.889049E-04     0.488203E-03
  -537.569         0.435824E-03     0.576470E-03     0.925833E-04     0.509977E-03
  -534.291         0.439258E-03     0.595468E-03     0.964466E-04     0.533342E-03
  -531.013         0.446250E-03     0.615079E-03     0.100392E-03     0.558447E-03
  -527.735         0.449809E-03     0.635367E-03     0.104440E-03     0.585452E-03
  -524.457         0.457058E-03     0.656402E-03     0.108479E-03     0.614526E-03
  -521.179         0.464485E-03     0.678267E-03     0.112869E-03     0.645846E-03
  -517.901         0.468266E-03     0.701051E-03     0.117458E-03     0.679602E-03
  -514.624         0.475971E-03     0.724853E-03     0.122112E-03     0.715988E-03
  -511.346         0.483868E-03     0.749783E-03     0.126988E-03     0.755211E-03
  -508.068         0.487890E-03     0.775962E-03     0.132102E-03     0.797483E-03
  -504.790         0.496088E-03     0.803522E-03     0.137302E-03     0.843027E-03
  -501.512         0.500264E-03     0.832606E-03     0.142684E-03     0.892071E-03
  -498.234         0.508777E-03     0.863369E-03     0.148537E-03     0.944849E-03
  -494.956         0.517508E-03     0.895981E-03     0.154735E-03     0.100160E-02
  -491.679         0.521958E-03     0.930622E-03     0.161056E-03     0.106258E-02
  -488.401         0.531031E-03     0.967486E-03     0.167631E-03     0.112802E-02
  -485.123         0.535656E-03     0.100678E-02     0.174655E-03     0.119819E-02
  -481.845         0.545088E-03     0.104873E-02     0.182083E-03     0.127334E-02
  -478.567         0.554769E-03     0.109356E-02     0.189846E-03     0.135373E-02
  -475.289         0.559705E-03     0.114153E-02     0.197988E-03     0.143961E-02
  -472.011         0.569776E-03     0.119289E-02     0.206542E-03     0.153125E-02
  -468.734         0.580119E-03     0.124793E-02     0.215686E-03     0.162891E-02
  -465.456         0.585395E-03     0.130694E-02     0.225232E-03     0.173282E-02
  -462.178         0.596163E-03     0.137021E-02     0.235604E-03     0.184326E-02
  -458.900         0.601657E-03     0.143807E-02     0.246688E-03     0.196046E-02
  -455.622         0.612874E-03     0.151084E-02     0.258582E-03     0.208467E-02
  -452.344         0.624404E-03     0.158887E-02     0.270831E-03     0.221613E-02
  -449.066         0.630290E-03     0.167252E-02     0.284138E-03     0.235507E-02
  -445.789         0.642312E-03     0.176215E-02     0.298599E-03     0.250171E-02
  -442.511         0.648452E-03     0.185815E-02     0.313621E-03     0.265627E-02
  -439.233         0.660997E-03     0.196089E-02     0.330025E-03     0.281897E-02
  -435.955         0.673909E-03     0.207078E-02     0.347127E-03     0.299000E-02
  -432.677         0.680507E-03     0.218823E-02     0.365120E-03     0.316957E-02
  -429.399         0.693998E-03     0.231366E-02     0.384517E-03     0.335787E-02
  -426.121         0.707896E-03     0.244749E-02     0.405473E-03     0.355506E-02
  -422.844         0.715005E-03     0.259014E-02     0.428528E-03     0.376134E-02
  -419.566         0.729551E-03     0.274206E-02     0.452472E-03     0.397686E-02
  -416.288         0.736994E-03     0.290369E-02     0.478438E-03     0.420178E-02
  -413.010         0.752235E-03     0.307547E-02     0.504776E-03     0.443628E-02
  -409.732         0.767970E-03     0.325783E-02     0.533804E-03     0.468050E-02
  -406.454         0.776030E-03     0.345124E-02     0.565507E-03     0.493458E-02
  -403.176         0.792552E-03     0.365614E-02     0.597584E-03     0.519869E-02
  -399.899         0.801022E-03     0.387296E-02     0.633906E-03     0.547297E-02
  -396.621         0.818400E-03     0.410216E-02     0.671520E-03     0.575757E-02
  -393.343         0.836388E-03     0.434417E-02     0.711795E-03     0.605265E-02
  -390.065         0.845623E-03     0.459944E-02     0.753194E-03     0.635837E-02
  -386.787         0.864597E-03     0.486838E-02     0.798809E-03     0.667489E-02
  -383.509         0.884279E-03     0.515143E-02     0.847782E-03     0.700239E-02
  -380.231         0.894400E-03     0.544902E-02     0.898475E-03     0.734106E-02
  -376.954         0.915230E-03     0.576155E-02     0.952007E-03     0.769109E-02
  -373.676         0.925953E-03     0.608945E-02     0.101090E-02     0.805269E-02
  -370.398         0.948049E-03     0.643311E-02     0.107001E-02     0.842609E-02
  -367.120         0.971061E-03     0.679295E-02     0.113530E-02     0.881152E-02
  -363.842         0.982930E-03     0.716936E-02     0.120310E-02     0.920923E-02
  -360.564         0.100744E-02     0.756276E-02     0.127545E-02     0.961949E-02
  -357.286         0.102010E-02     0.797354E-02     0.135122E-02     0.100426E-01
  -354.009         0.104627E-02     0.840210E-02     0.142944E-02     0.104788E-01
  -350.731         0.107365E-02     0.884887E-02     0.151351E-02     0.109284E-01
  -347.453         0.108782E-02     0.931427E-02     0.160457E-02     0.113918E-01
  -344.175         0.111719E-02     0.979872E-02     0.170106E-02     0.118691E-01
  -340.897         0.114802E-02     0.103027E-01     0.179776E-02     0.123608E-01
  -337.619         0.116401E-02     0.108266E-01     0.190565E-02     0.128670E-01
  -334.341         0.119723E-02     0.113709E-01     0.201256E-02     0.133881E-01
  -331.064         0.121449E-02     0.119362E-01     0.212637E-02     0.139241E-01
  -327.786         0.125039E-02     0.125230E-01     0.224846E-02     0.144753E-01
  -324.508         0.128826E-02     0.131319E-01     0.237502E-02     0.150418E-01
  -321.230         0.130799E-02     0.137633E-01     0.251234E-02     0.156235E-01
  -317.952         0.134911E-02     0.144179E-01     0.264870E-02     0.162203E-01
  -314.674         0.137055E-02     0.150965E-01     0.279710E-02     0.168319E-01
  -311.396         0.141531E-02     0.157995E-01     0.295007E-02     0.174580E-01
  -308.119         0.146275E-02     0.165277E-01     0.310880E-02     0.180979E-01
  -304.841         0.148754E-02     0.172818E-01     0.327558E-02     0.187509E-01
  -301.563         0.153940E-02     0.180624E-01     0.345473E-02     0.194159E-01
  -298.285         0.159451E-02     0.188702E-01     0.364453E-02     0.200916E-01
  -295.007         0.162336E-02     0.197059E-01     0.383896E-02     0.207764E-01
  -291.729         0.168383E-02     0.205700E-01     0.404387E-02     0.214683E-01
  -288.451         0.171552E-02     0.214632E-01     0.425896E-02     0.221651E-01
  -285.174         0.178201E-02     0.223858E-01     0.448381E-02     0.228640E-01
  -281.896         0.185291E-02     0.233381E-01     0.471590E-02     0.235618E-01
  -278.618         0.189013E-02     0.243204E-01     0.495408E-02     0.242552E-01
  -275.340         0.196832E-02     0.253325E-01     0.520358E-02     0.249398E-01
  -272.062         0.200939E-02     0.263743E-01     0.547527E-02     0.256113E-01
  -268.784         0.209574E-02     0.274451E-01     0.575044E-02     0.262646E-01
  -265.506         0.218808E-02     0.285441E-01     0.605073E-02     0.268942E-01
  -262.229         0.223664E-02     0.296699E-01     0.634262E-02     0.274940E-01
  -258.951         0.233883E-02     0.308210E-01     0.665397E-02     0.280575E-01
  -255.673         0.244825E-02     0.319951E-01     0.696434E-02     0.285777E-01
  -252.395         0.250583E-02     0.331894E-01     0.731540E-02     0.290473E-01
  -249.117         0.262713E-02     0.344006E-01     0.767294E-02     0.294586E-01
  -245.839         0.269100E-02     0.356245E-01     0.803665E-02     0.298036E-01
  -242.561         0.282558E-02     0.368564E-01     0.841720E-02     0.300741E-01
  -239.284         0.296987E-02     0.380909E-01     0.880984E-02     0.302618E-01
  -236.006         0.304589E-02     0.393214E-01     0.921263E-02     0.303585E-01
  -232.728         0.320615E-02     0.405408E-01     0.961828E-02     0.303562E-01
  -229.450         0.329060E-02     0.417410E-01     0.100380E-01     0.302473E-01
  -226.172         0.346869E-02     0.429131E-01     0.104976E-01     0.300247E-01
  -222.894         0.365979E-02     0.440473E-01     0.109426E-01     0.296820E-01
  -219.616         0.376052E-02     0.451327E-01     0.113830E-01     0.292141E-01
  -216.339         0.397301E-02     0.461581E-01     0.118579E-01     0.286168E-01
  -213.061         0.420111E-02     0.471113E-01     0.123318E-01     0.278875E-01
  -209.783         0.432138E-02     0.479794E-01     0.128000E-01     0.270254E-01
  -206.505         0.457512E-02     0.487492E-01     0.132432E-01     0.260318E-01
  -203.227         0.470892E-02     0.494072E-01     0.137275E-01     0.249102E-01
  -199.949         0.499123E-02     0.499396E-01     0.142120E-01     0.236666E-01
  -196.671         0.529439E-02     0.503328E-01     0.146867E-01     0.223101E-01
  -193.394         0.545426E-02     0.505736E-01     0.151421E-01     0.208525E-01
  -190.116         0.579162E-02     0.506492E-01     0.156016E-01     0.193090E-01
  -186.838         0.596953E-02     0.505482E-01     0.160272E-01     0.176983E-01
  -183.560         0.634497E-02     0.502602E-01     0.164449E-01     0.160424E-01
  -180.282         0.674815E-02     0.497764E-01     0.168557E-01     0.143670E-01
  -177.004         0.696077E-02     0.490902E-01     0.172236E-01     0.127012E-01
  -173.726         0.740941E-02     0.481976E-01     0.175686E-01     0.110775E-01
  -170.449         0.789113E-02     0.470972E-01     0.179038E-01     0.953171E-02
  -167.171         0.814513E-02     0.457909E-01     0.181838E-01     0.810236E-02
  -163.893         0.868097E-02     0.442843E-01     0.184267E-01     0.683049E-02
  -160.615         0.896346E-02     0.425866E-01     0.186520E-01     0.575902E-02
  -157.337         0.955927E-02     0.407117E-01     0.188365E-01     0.493212E-02
  -154.059         0.101985E-01     0.386775E-01     0.189743E-01     0.439440E-02
  -150.781         0.105354E-01     0.365067E-01     0.190652E-01     0.419003E-02
  -147.504         0.112454E-01     0.342266E-01     0.190936E-01     0.436170E-02
  -144.226         0.116194E-01     0.318690E-01     0.191148E-01     0.494951E-02
  -140.948         0.124072E-01     0.294702E-01     0.190778E-01     0.598977E-02
  -137.670         0.132511E-01     0.270705E-01     0.190000E-01     0.751373E-02
  -134.392         0.136950E-01     0.247141E-01     0.189427E-01     0.954627E-02
  -131.114         0.146291E-01     0.224479E-01     0.187817E-01     0.121046E-01
  -127.836         0.156277E-01     0.203215E-01     0.186107E-01     0.151970E-01
  -124.559         0.161522E-01     0.183858E-01     0.184203E-01     0.188215E-01
  -121.281         0.172537E-01     0.166919E-01     0.182944E-01     0.229651E-01
  -118.003         0.178315E-01     0.152903E-01     0.181081E-01     0.276023E-01
  -114.725         0.190431E-01     0.142294E-01     0.179277E-01     0.326951E-01
  -111.447         0.203318E-01     0.135540E-01     0.178091E-01     0.381920E-01
  -108.169         0.210058E-01     0.133038E-01     0.177566E-01     0.440280E-01
  -104.891         0.224146E-01     0.135124E-01     0.177120E-01     0.501252E-01
  -101.614         0.231498E-01     0.142049E-01     0.177037E-01     0.563930E-01
  -98.3357         0.246825E-01     0.153976E-01     0.177917E-01     0.627294E-01
  -95.0579         0.262986E-01     0.170954E-01     0.179919E-01     0.690225E-01
  -91.7800         0.271380E-01     0.192919E-01     0.183233E-01     0.751523E-01
  -88.5021         0.288784E-01     0.219675E-01     0.186981E-01     0.809934E-01
  -85.2243         0.306993E-01     0.250892E-01     0.191999E-01     0.864176E-01
  -81.9464         0.316389E-01     0.286100E-01     0.199126E-01     0.912974E-01
  -78.6686         0.335732E-01     0.324693E-01     0.207368E-01     0.955089E-01
  -75.3907         0.345664E-01     0.365929E-01     0.217577E-01     0.989362E-01
  -72.1129         0.366002E-01     0.408940E-01     0.228622E-01     0.101475    
  -68.8350         0.386892E-01     0.452747E-01     0.242135E-01     0.103035    
  -65.5571         0.397511E-01     0.496275E-01     0.255999E-01     0.103546    
  -62.2793         0.419010E-01     0.538379E-01     0.272018E-01     0.102961    
  -59.0014         0.429854E-01     0.577863E-01     0.288730E-01     0.101255    
  -55.7236         0.451627E-01     0.613518E-01     0.307836E-01     0.984339E-01
  -52.4457         0.473354E-01     0.644148E-01     0.327280E-01     0.945301E-01
  -49.1679         0.484137E-01     0.668606E-01     0.346801E-01     0.896068E-01
  -45.8900         0.505401E-01     0.685829E-01     0.368451E-01     0.837567E-01
  -42.6121         0.526061E-01     0.694872E-01     0.390239E-01     0.771006E-01
  -39.3343         0.536086E-01     0.694942E-01     0.412085E-01     0.697859E-01
  -36.0564         0.555361E-01     0.685426E-01     0.432517E-01     0.619827E-01
  -32.7786         0.564545E-01     0.665916E-01     0.453197E-01     0.538799E-01
  -29.5007         0.581836E-01     0.636236E-01     0.473906E-01     0.456804E-01
  -26.2229         0.597473E-01     0.596446E-01     0.495055E-01     0.375951E-01
  -22.9450         0.604591E-01     0.546859E-01     0.513198E-01     0.298367E-01
  -19.6671         0.617276E-01     0.488035E-01     0.523806E-01     0.226134E-01
  -16.3893         0.622789E-01     0.420772E-01     0.535892E-01     0.161222E-01
  -13.1114         0.632028E-01     0.346094E-01     0.552528E-01     0.105424E-01
  -9.83357         0.638751E-01     0.265224E-01     0.569533E-01     0.603007E-02
  -6.55571         0.641128E-01     0.179554E-01     0.566522E-01     0.271220E-02
  -3.27786         0.643855E-01     0.906077E-02     0.564392E-01     0.682922E-03
   3.27786         0.643855E-01     0.906077E-02     0.564392E-01     0.682922E-03
   6.55571         0.641128E-01     0.179554E-01     0.566522E-01     0.271220E-02
   9.83357         0.638751E-01     0.265224E-01     0.569533E-01     0.603007E-02
   13.1114         0.632028E-01     0.346094E-01     0.552528E-01     0.105424E-01
   16.3893         0.622789E-01     0.420772E-01     0.535892E-01     0.161222E-01
   19.6671         0.617276E-01     0.488035E-01     0.523806E-01     0.226134E-01
   22.9450         0.604591E-01     0.546859E-01     0.513198E-01     0.298367E-01
   26.2229         0.597473E-01     0.596446E-01     0.495055E-01     0.375951E-01
   29.5007         0.581836E-01     0.636236E-01     0.473906E-01     0.456804E-01
   32.7786         0.564545E-01     0.665916E-01     0.453197E-01     0.538799E-01
   36.0564         0.555361E-01     0.685426E-01     0.432517E-01     0.619827E-01
   39.3343         0.536086E-01     0.694942E-01     0.412085E-01     0.697859E-01
   42.6121         0.526061E-01     0.694872E-01     0.390239E-01     0.771006E-01
   45.8900         0.505401E-01     0.685829E-01     0.368451E-01     0.837567E-01
   49.1679         0.484137E-01     0.668606E-01     0.346801E-01     0.896068E-01
   52.4457         0.473354E-01     0.644148E-01     0.327280E-01     0.945301E-01
   55.7236         0.451627E-01     0.613518E-01     0.307836E-01     0.984339E-01
   59.0014         0.429854E-01     0.577863E-01     0.288730E-01     0.101255    
   62.2793         0.419010E-01     0.538379E-01     0.272018E-01     0.102961    
   65.5571         0.397511E-01     0.496275E-01     0.255999E-01     0.103546    
   68.8350         0.386892E-01     0.452747E-01     0.242135E-01     0.103035    
   72.1129         0.366002E-01     0.408940E-01     0.228622E-01     0.101475    
   75.3907         0.345664E-01     0.365929E-01     0.217577E-01     0.989362E-01
   78.6686         0.335732E-01     0.324693E-01     0.207368E-01     0.955089E-01
   81.9464         0.316389E-01     0.286100E-01     0.199126E-01     0.912974E-01
   85.2243         0.306993E-01     0.250892E-01     0.191999E-01     0.864176E-01
   88.5021         0.288784E-01     0.219675E-01     0.186981E-01     0.809934E-01
   91.7800         0.271380E-01     0.192919E-01     0.183233E-01     0.751523E-01
   95.0579         0.262986E-01     0.170954E-01     0.179919E-01     0.690225E-01
   98.3357         0.246825E-01     0.153976E-01     0.177917E-01     0.627294E-01
   101.614         0.231498E-01     0.142049E-01     0.177037E-01     0.563930E-01
   104.891         0.224146E-01     0.135124E-01     0.177120E-01     0.501252E-01
   108.169         0.210058E-01     0.133038E-01     0.177566E-01     0.440280E-01
   111.447         0.203318E-01     0.135540E-01     0.178091E-01     0.381920E-01
   114.725         0.190431E-01     0.142294E-01     0.179277E-01     0.326951E-01
   118.003         0.178315E-01     0.152903E-01     0.181081E-01     0.276023E-01
   121.281         0.172537E-01     0.166919E-01     0.182944E-01     0.229651E-01
   124.559         0.161522E-01     0.183858E-01     0.184203E-01     0.188215E-01
   127.836         0.156277E-01     0.203215E-01     0.186107E-01     0.151970E-01
   131.114         0.146291E-01     0.224479E-01     0.187817E-01     0.121046E-01
   134.392         0.136950E-01     0.247141E-01     0.189427E-01     0.954627E-02
   137.670         0.132511E-01     0.270705E-01     0.190000E-01     0.751373E-02
   140.948         0.124072E-01     0.294702E-01     0.190778E-01     0.598977E-02
   144.226         0.116194E-01     0.318690E-01     0.191148E-01     0.494951E-02
   147.504         0.112454E-01     0.342266E-01     0.190936E-01     0.436170E-02
   150.781         0.105354E-01     0.365067E-01     0.190652E-01     0.419003E-02
   154.059         0.101985E-01     0.386775E-01     0.189743E-01     0.439440E-02
   157.337         0.955927E-02     0.407117E-01     0.188365E-01     0.493212E-02
   160.615         0.896346E-02     0.425866E-01     0.186520E-01     0.575902E-02
   163.893         0.868097E-02     0.442843E-01     0.184267E-01     0.683049E-02
   167.171         0.814513E-02     0.457909E-01     0.181838E-01     0.810236E-02
   170.449         0.789113E-02     0.470972E-01     0.179038E-01     0.953171E-02
   173.726         0.740941E-02     0.481976E-01     0.175686E-01     0.110775E-01
   177.004         0.696077E-02     0.490902E-01     0.172236E-01     0.127012E-01
   180.282         0.674815E-02     0.497764E-01     0.168557E-01     0.143670E-01
   183.560         0.634497E-02     0.502602E-01     0.164449E-01     0.160424E-01
   186.838         0.596953E-02     0.505482E-01     0.160272E-01     0.176983E-01
   190.116         0.579162E-02     0.506492E-01     0.156016E-01     0.193090E-01
   193.394         0.545426E-02     0.505736E-01     0.151421E-01     0.208525E-01
   196.671         0.529439E-02     0.503328E-01     0.146867E-01     0.223101E-01
   199.949         0.499123E-02     0.499396E-01     0.142120E-01     0.236666E-01
   203.227         0.470892E-02     0.494072E-01     0.137275E-01     0.249102E-01
   206.505         0.457512E-02     0.487492E-01     0.132432E-01     0.260318E-01
   209.783         0.432138E-02     0.479794E-01     0.128000E-01     0.270254E-01
   213.061         0.420111E-02     0.471113E-01     0.123318E-01     0.278875E-01
   216.339         0.397301E-02     0.461581E-01     0.118579E-01     0.286168E-01
   219.616         0.376052E-02     0.451327E-01     0.113830E-01     0.292141E-01
   222.894         0.365979E-02     0.440473E-01     0.109426E-01     0.296820E-01
   226.172         0.346869E-02     0.429131E-01     0.104976E-01     0.300247E-01
   229.450         0.329060E-02     0.417410E-01     0.100380E-01     0.302473E-01
   232.728         0.320615E-02     0.405408E-01     0.961828E-02     0.303562E-01
   236.006         0.304589E-02     0.393214E-01     0.921263E-02     0.303585E-01
   239.284         0.296987E-02     0.380909E-01     0.880984E-02     0.302618E-01
   242.561         0.282558E-02     0.368564E-01     0.841720E-02     0.300741E-01
   245.839         0.269100E-02     0.356245E-01     0.803665E-02     0.298036E-01
   249.117         0.262713E-02     0.344006E-01     0.767294E-02     0.294586E-01
   252.395         0.250583E-02     0.331894E-01     0.731540E-02     0.290473E-01
   255.673         0.244825E-02     0.319951E-01     0.696434E-02     0.285777E-01
   258.951         0.233883E-02     0.308210E-01     0.665397E-02     0.280575E-01
   262.229         0.223664E-02     0.296699E-01     0.634262E-02     0.274940E-01
   265.506         0.218808E-02     0.285441E-01     0.605073E-02     0.268942E-01
   268.784         0.209574E-02     0.274451E-01     0.575044E-02     0.262646E-01
   272.062         0.200939E-02     0.263743E-01     0.547527E-02     0.256113E-01
   275.340         0.196832E-02     0.253325E-01     0.520358E-02     0.249398E-01
   278.618         0.189013E-02     0.243204E-01     0.495408E-02     0.242552E-01
   281.896         0.185291E-02     0.233381E-01     0.471590E-02     0.235618E-01
   285.174         0.178201E-02     0.223858E-01     0.448381E-02     0.228640E-01
   288.451         0.171552E-02     0.214632E-01     0.425896E-02     0.221651E-01
   291.729         0.168383E-02     0.205700E-01     0.404387E-02     0.214683E-01
   295.007         0.162336E-02     0.197059E-01     0.383896E-02     0.207764E-01
   298.285         0.159451E-02     0.188702E-01     0.364453E-02     0.200916E-01
   301.563         0.153940E-02     0.180624E-01     0.345473E-02     0.194159E-01
   304.841         0.148754E-02     0.172818E-01     0.327558E-02     0.187509E-01
   308.119         0.146275E-02     0.165277E-01     0.310880E-02     0.180979E-01
   311.396         0.141531E-02     0.157995E-01     0.295007E-02     0.174580E-01
   314.674         0.137055E-02     0.150965E-01     0.279710E-02     0.168319E-01
   317.952         0.134911E-02     0.144179E-01     0.264870E-02     0.162203E-01
   321.230         0.130799E-02     0.137633E-01     0.251234E-02     0.156235E-01
   324.508         0.128826E-02     0.131319E-01     0.237502E-02     0.150418E-01
   327.786         0.125039E-02     0.125230E-01     0.224846E-02     0.144753E-01
   331.064         0.121449E-02     0.119362E-01     0.212637E-02     0.139241E-01
   334.341         0.119723E-02     0.113709E-01     0.201256E-02     0.133881E-01
   337.619         0.116401E-02     0.108266E-01     0.190565E-02     0.128670E-01
   340.897         0.114802E-02     0.103027E-01     0.179776E-02     0.123608E-01
   344.175         0.111719E-02     0.979872E-02     0.170106E-02     0.118691E-01
   347.453         0.108782E-02     0.931427E-02     0.160457E-02     0.113918E-01
   350.731         0.107365E-02     0.884887E-02     0.151351E-02     0.109284E-01
   354.009         0.104627E-02     0.840210E-02     0.142944E-02     0.104788E-01
   357.286         0.102010E-02     0.797354E-02     0.135122E-02     0.100426E-01
   360.564         0.100744E-02     0.756276E-02     0.127545E-02     0.961949E-02
   363.842         0.982930E-03     0.716936E-02     0.120310E-02     0.920923E-02
   367.120         0.971061E-03     0.679295E-02     0.113530E-02     0.881152E-02
   370.398         0.948049E-03     0.643311E-02     0.107001E-02     0.842609E-02
   373.676         0.925953E-03     0.608945E-02     0.101090E-02     0.805269E-02
   376.954         0.915230E-03     0.576155E-02     0.952007E-03     0.769109E-02
   380.231         0.894400E-03     0.544902E-02     0.898475E-03     0.734106E-02
   383.509         0.884279E-03     0.515143E-02     0.847782E-03     0.700239E-02
   386.787         0.864597E-03     0.486838E-02     0.798809E-03     0.667489E-02
   390.065         0.845623E-03     0.459944E-02     0.753194E-03     0.635837E-02
   393.343         0.836388E-03     0.434417E-02     0.711795E-03     0.605265E-02
   396.621         0.818400E-03     0.410216E-02     0.671520E-03     0.575757E-02
   399.899         0.801022E-03     0.387296E-02     0.633906E-03     0.547297E-02
   403.176         0.792552E-03     0.365614E-02     0.597584E-03     0.519869E-02
   406.454         0.776030E-03     0.345124E-02     0.565507E-03     0.493458E-02
   409.732         0.767970E-03     0.325783E-02     0.533804E-03     0.468050E-02
   413.010         0.752235E-03     0.307547E-02     0.504776E-03     0.443628E-02
   416.288         0.736994E-03     0.290369E-02     0.478438E-03     0.420178E-02
   419.566         0.729551E-03     0.274206E-02     0.452472E-03     0.397686E-02
   422.844         0.715005E-03     0.259014E-02     0.428528E-03     0.376134E-02
   426.121         0.707896E-03     0.244749E-02     0.405473E-03     0.355506E-02
   429.399         0.693998E-03     0.231366E-02     0.384517E-03     0.335787E-02
   432.677         0.680507E-03     0.218823E-02     0.365120E-03     0.316957E-02
   435.955         0.673909E-03     0.207078E-02     0.347127E-03     0.299000E-02
   439.233         0.660997E-03     0.196089E-02     0.330025E-03     0.281897E-02
   442.511         0.648452E-03     0.185815E-02     0.313621E-03     0.265627E-02
   445.789         0.642312E-03     0.176215E-02     0.298599E-03     0.250171E-02
   449.066         0.630290E-03     0.167252E-02     0.284138E-03     0.235507E-02
   452.344         0.624404E-03     0.158887E-02     0.270831E-03     0.221613E-02
   455.622         0.612874E-03     0.151084E-02     0.258582E-03     0.208467E-02
   458.900         0.601657E-03     0.143807E-02     0.246688E-03     0.196046E-02
   462.178         0.596163E-03     0.137021E-02     0.235604E-03     0.184326E-02
   465.456         0.585395E-03     0.130694E-02     0.225232E-03     0.173282E-02
   468.734         0.580119E-03     0.124793E-02     0.215686E-03     0.162891E-02
   472.011         0.569776E-03     0.119289E-02     0.206542E-03     0.153125E-02
   475.289         0.559705E-03     0.114153E-02     0.197988E-03     0.143961E-02
   478.567         0.554769E-03     0.109356E-02     0.189846E-03     0.135373E-02
   481.845         0.545088E-03     0.104873E-02     0.182083E-03     0.127334E-02
   485.123         0.535656E-03     0.100678E-02     0.174655E-03     0.119819E-02
   488.401         0.531031E-03     0.967486E-03     0.167631E-03     0.112802E-02
   491.679         0.521958E-03     0.930622E-03     0.161056E-03     0.106258E-02
   494.956         0.517508E-03     0.895981E-03     0.154735E-03     0.100160E-02
   498.234         0.508777E-03     0.863369E-03     0.148537E-03     0.944849E-03
   501.512         0.500264E-03     0.832606E-03     0.142684E-03     0.892071E-03
   504.790         0.496088E-03     0.803522E-03     0.137302E-03     0.843027E-03
   508.068         0.487890E-03     0.775962E-03     0.132102E-03     0.797483E-03
   511.346         0.483868E-03     0.749783E-03     0.126988E-03     0.755211E-03
   514.624         0.475971E-03     0.724853E-03     0.122112E-03     0.715988E-03
   517.901         0.468266E-03     0.701051E-03     0.117458E-03     0.679602E-03
   521.179         0.464485E-03     0.678267E-03     0.112869E-03     0.645846E-03
   524.457         0.457058E-03     0.656402E-03     0.108479E-03     0.614526E-03
   527.735         0.449809E-03     0.635367E-03     0.104440E-03     0.585452E-03
   531.013         0.446250E-03     0.615079E-03     0.100392E-03     0.558447E-03
   534.291         0.439258E-03     0.595468E-03     0.964466E-04     0.533342E-03
   537.569         0.435824E-03     0.576470E-03     0.925833E-04     0.509977E-03
   540.846         0.429077E-03     0.558028E-03     0.889049E-04     0.488203E-03
   544.124         0.422487E-03     0.540093E-03     0.852955E-04     0.467878E-03
   547.402         0.419250E-03     0.522622E-03     0.819148E-04     0.448873E-03
   550.680         0.412887E-03     0.505579E-03     0.785449E-04     0.431065E-03
   553.958         0.409760E-03     0.488933E-03     0.753653E-04     0.414342E-03
   557.236         0.403614E-03     0.472656E-03     0.721879E-04     0.398601E-03
   560.514         0.397607E-03     0.456727E-03     0.690512E-04     0.383745E-03
   563.791         0.394654E-03     0.441128E-03     0.660996E-04     0.369688E-03
   567.069         0.388848E-03     0.425844E-03     0.632478E-04     0.356351E-03
   570.347         0.383170E-03     0.410864E-03     0.605173E-04     0.343661E-03
   573.625         0.380378E-03     0.396181E-03     0.577848E-04     0.331554E-03
   576.903         0.374887E-03     0.381786E-03     0.552388E-04     0.319972E-03
   580.181         0.372187E-03     0.367677E-03     0.527544E-04     0.308862E-03
   583.459         0.366873E-03     0.353850E-03     0.502884E-04     0.298178E-03
   586.736         0.361675E-03     0.340304E-03     0.479650E-04     0.287880E-03
   590.014         0.359117E-03     0.327040E-03     0.456752E-04     0.277930E-03
   593.292         0.354084E-03     0.314059E-03     0.434615E-04     0.268297E-03
   596.570         0.351607E-03     0.301362E-03     0.413422E-04     0.258955E-03
   599.848         0.346733E-03     0.288950E-03     0.392639E-04     0.249878E-03
   603.126         0.341960E-03     0.276828E-03     0.373717E-04     0.241048E-03
   606.404         0.339611E-03     0.264996E-03     0.354896E-04     0.232445E-03
   609.681         0.334985E-03     0.253459E-03     0.336510E-04     0.224057E-03
   612.959          0.00000         0.242218E-03     0.319053E-04     0.215871E-03
   616.237          0.00000         0.231275E-03     0.301922E-04     0.207876E-03
   619.515          0.00000         0.220634E-03     0.285710E-04     0.200065E-03
   622.793          0.00000         0.210297E-03     0.270737E-04     0.192432E-03
   626.071          0.00000         0.200263E-03     0.256367E-04     0.184970E-03
   629.349          0.00000         0.190536E-03     0.242480E-04     0.177678E-03
   632.626          0.00000         0.181115E-03     0.228727E-04     0.170551E-03
   635.904          0.00000         0.172001E-03     0.216066E-04     0.163587E-03
   639.182          0.00000         0.163193E-03     0.203614E-04     0.156787E-03
   642.460          0.00000         0.154691E-03     0.192273E-04     0.150148E-03
   645.738          0.00000         0.146494E-03     0.181119E-04     0.143672E-03
   649.016          0.00000         0.138599E-03     0.170647E-04     0.137358E-03
   652.294          0.00000         0.131005E-03     0.160629E-04     0.131207E-03
   655.571          0.00000         0.123709E-03     0.150889E-04     0.125219E-03
   658.849          0.00000         0.116708E-03     0.141872E-04     0.119395E-03
   662.127          0.00000         0.109998E-03     0.133326E-04     0.113736E-03
   665.405          0.00000         0.103576E-03     0.125376E-04     0.108243E-03
   668.683          0.00000         0.974356E-04     0.117926E-04     0.102915E-03
   671.961          0.00000         0.915736E-04     0.110816E-04     0.977539E-04
   675.239          0.00000         0.859842E-04     0.104164E-04     0.927594E-04
   678.516          0.00000         0.806620E-04     0.977837E-05     0.879314E-04
   681.794          0.00000         0.756010E-04     0.920020E-05     0.832698E-04
   685.072          0.00000         0.707952E-04     0.862953E-05     0.787739E-04
   688.350          0.00000         0.662380E-04     0.810665E-05     0.744429E-04
   691.628          0.00000         0.619229E-04     0.761088E-05     0.702758E-04
   694.906          0.00000         0.578429E-04     0.714739E-05     0.662712E-04
   698.184          0.00000         0.539911E-04     0.672963E-05     0.624273E-04
   701.461          0.00000         0.503603E-04     0.633193E-05     0.587422E-04
   704.739          0.00000         0.469431E-04     0.595953E-05     0.552137E-04
   708.017          0.00000         0.437322E-04     0.562006E-05     0.518393E-04
   711.295          0.00000         0.407202E-04     0.529556E-05     0.486162E-04
   714.573          0.00000         0.378996E-04     0.500089E-05     0.455415E-04
   717.851          0.00000         0.352628E-04     0.472381E-05     0.426119E-04
   721.129          0.00000         0.328024E-04     0.447581E-05     0.398242E-04
   724.406          0.00000         0.305109E-04     0.423870E-05     0.371747E-04
   727.684          0.00000         0.283810E-04     0.403119E-05     0.346597E-04
   730.962          0.00000         0.264053E-04     0.382404E-05     0.322756E-04
   734.240          0.00000         0.245765E-04     0.363868E-05     0.300183E-04
   737.518          0.00000         0.228877E-04     0.348486E-05     0.278840E-04
   740.796          0.00000         0.213318E-04     0.332937E-05     0.258684E-04
   744.074          0.00000         0.199019E-04     0.319599E-05     0.239677E-04
   747.351          0.00000         0.185913E-04     0.306551E-05     0.221775E-04
   750.629          0.00000         0.173935E-04     0.295470E-05     0.204940E-04
   753.907          0.00000         0.163021E-04     0.284330E-05     0.189128E-04
   757.185          0.00000         0.153110E-04     0.274637E-05     0.174301E-04
   760.463          0.00000         0.144141E-04     0.266429E-05     0.160417E-04
   763.741          0.00000         0.136056E-04     0.258554E-05     0.147437E-04
   767.019          0.00000         0.128798E-04     0.252008E-05     0.135322E-04
   770.296          0.00000         0.122314E-04     0.244844E-05     0.124033E-04
   773.574          0.00000         0.116550E-04     0.238938E-05     0.113532E-04
   776.852          0.00000         0.111457E-04     0.234311E-05     0.103783E-04
   780.130          0.00000         0.106986E-04     0.229581E-05     0.947489E-05
   783.408          0.00000         0.103091E-04     0.224640E-05     0.863949E-05
   786.686          0.00000         0.997270E-05     0.221410E-05     0.786866E-05
   789.964          0.00000         0.968517E-05     0.217913E-05     0.715904E-05
   793.241          0.00000         0.944247E-05     0.214121E-05     0.650739E-05
   796.519          0.00000         0.924074E-05     0.211917E-05     0.591056E-05
   799.797          0.00000         0.907631E-05     0.209313E-05     0.536547E-05
   803.075          0.00000         0.894570E-05     0.206305E-05     0.486915E-05
   806.353          0.00000         0.884562E-05     0.204771E-05     0.441874E-05
   809.631          0.00000         0.877294E-05     0.202135E-05     0.401144E-05
   812.909          0.00000         0.872474E-05     0.200256E-05     0.364458E-05
   816.186          0.00000         0.869826E-05     0.199148E-05     0.331555E-05
   819.464          0.00000         0.869089E-05     0.196816E-05     0.302186E-05
   822.742          0.00000         0.870021E-05     0.195299E-05     0.276110E-05
   826.020          0.00000         0.872395E-05     0.193130E-05     0.253096E-05
   829.298          0.00000         0.876000E-05     0.190990E-05     0.232921E-05
   832.576          0.00000         0.880641E-05     0.190160E-05     0.215375E-05
   835.854          0.00000         0.886134E-05     0.188074E-05     0.200252E-05
   839.131          0.00000         0.892313E-05     0.186604E-05     0.187359E-05
   842.409          0.00000         0.899023E-05     0.184492E-05     0.176512E-05
   845.687          0.00000         0.906124E-05     0.183752E-05     0.167534E-05
   848.965          0.00000         0.913487E-05     0.181614E-05     0.160258E-05
   852.243          0.00000         0.920993E-05     0.179439E-05     0.154528E-05
   855.521          0.00000         0.928539E-05     0.177215E-05     0.150194E-05
   858.799          0.00000         0.936027E-05     0.175646E-05     0.147116E-05
   862.076          0.00000         0.943373E-05     0.173360E-05     0.145161E-05
   865.354          0.00000         0.950501E-05     0.171021E-05     0.144206E-05
   868.632          0.00000         0.957344E-05     0.168647E-05     0.144135E-05
   871.910          0.00000         0.963843E-05     0.166236E-05     0.144840E-05
   875.188          0.00000         0.969947E-05     0.165065E-05     0.146221E-05
   878.466          0.00000         0.975612E-05     0.162569E-05     0.148184E-05
   881.744          0.00000         0.980801E-05     0.159995E-05     0.150643E-05
   885.021          0.00000         0.985482E-05     0.157385E-05     0.153517E-05
   888.299          0.00000         0.989631E-05     0.154726E-05     0.156733E-05
   891.577          0.00000         0.993227E-05     0.152044E-05     0.160224E-05
   894.855          0.00000         0.996254E-05     0.148003E-05     0.163926E-05
   898.133          0.00000         0.998702E-05     0.145209E-05     0.167784E-05
   901.411          0.00000         0.100056E-04     0.142402E-05     0.171745E-05
   904.689          0.00000         0.100184E-04     0.139553E-05     0.175763E-05
   907.966          0.00000         0.100252E-04     0.136673E-05     0.179794E-05
   911.244          0.00000         0.100262E-04     0.133129E-05     0.183801E-05
   914.522          0.00000         0.100213E-04     0.130194E-05     0.187748E-05
   917.800          0.00000         0.100107E-04     0.125933E-05     0.191606E-05
   921.078          0.00000         0.999452E-05     0.122960E-05     0.195345E-05
   924.356          0.00000         0.997281E-05     0.119309E-05     0.198942E-05
   927.634          0.00000         0.994575E-05     0.115041E-05     0.202376E-05
   930.911          0.00000         0.991348E-05     0.112062E-05     0.205628E-05
   934.189          0.00000         0.987617E-05     0.108424E-05     0.208683E-05
   937.467          0.00000         0.983401E-05     0.104115E-05     0.211525E-05
   940.745          0.00000         0.978720E-05     0.100501E-05     0.214145E-05
   944.023          0.00000         0.973593E-05     0.962267E-06     0.216534E-05
   947.301          0.00000         0.968042E-05     0.913119E-06     0.218684E-05
   950.579          0.00000         0.962089E-05     0.877172E-06     0.220590E-05
   953.856          0.00000         0.955755E-05     0.828428E-06     0.222250E-05
   957.134          0.00000         0.949065E-05     0.786570E-06     0.223661E-05
   960.412          0.00000         0.942040E-05     0.738724E-06     0.224823E-05
   963.690          0.00000         0.934704E-05     0.684531E-06     0.225739E-05
   966.968          0.00000         0.927082E-05     0.637314E-06     0.226410E-05
   970.246          0.00000         0.919195E-05     0.577588E-06     0.226841E-05
   973.524          0.00000         0.911068E-05     0.512001E-06     0.227037E-05
   976.801          0.00000         0.902724E-05     0.447142E-06     0.227003E-05
   980.079          0.00000         0.894185E-05     0.376569E-06     0.226747E-05
   983.357          0.00000         0.885475E-05     0.294052E-06     0.226278E-05
   986.635          0.00000         0.876615E-05     0.160656E-06     0.225602E-05
