 Knockout Xsection (mb) - j, l, nocc, SF -  1.5    2    4    1.00
     20.688
  
 Momentum distributions
    Q_i             dS/dQ_z          dS/dQ_t          dS/dQ_y          dS/dQ
  (MeV/C)          (mb/MeV/c)       (mb/MeV/c)       (mb/MeV/c)       (mb/MeV/c)
  -986.635          0.00000         0.462134E-05     0.827449E-07     0.322590E-07
  -983.357          0.00000         0.466079E-05     0.151319E-06     0.303051E-07
  -980.079          0.00000         0.470013E-05     0.193604E-06     0.282635E-07
  -976.801          0.00000         0.473936E-05     0.229685E-06     0.261555E-07
  -973.524          0.00000         0.477849E-05     0.262802E-06     0.240067E-07
  -970.246          0.00000         0.481754E-05     0.296289E-06     0.218467E-07
  -966.968          0.00000         0.485653E-05     0.326764E-06     0.197098E-07
  -963.690          0.00000         0.489547E-05     0.350820E-06     0.176351E-07
  -960.412          0.00000         0.493441E-05     0.378517E-06     0.156665E-07
  -957.134          0.00000         0.497337E-05     0.403019E-06     0.138532E-07
  -953.856          0.00000         0.501242E-05     0.424500E-06     0.122501E-07
  -950.579          0.00000         0.505161E-05     0.449621E-06     0.109174E-07
  -947.301          0.00000         0.509099E-05     0.468261E-06     0.992145E-08
  -944.023          0.00000         0.513065E-05     0.493832E-06     0.933471E-08
  -940.745          0.00000         0.517066E-05     0.516242E-06     0.923617E-08
  -937.467          0.00000         0.521114E-05     0.535443E-06     0.971168E-08
  -934.189          0.00000         0.525217E-05     0.558418E-06     0.108543E-07
  -930.911          0.00000         0.529388E-05     0.578167E-06     0.127648E-07
  -927.634          0.00000         0.533641E-05     0.594751E-06     0.155519E-07
  -924.356          0.00000         0.537990E-05     0.618247E-06     0.193335E-07
  -921.078          0.00000         0.542451E-05     0.638865E-06     0.242366E-07
  -917.800          0.00000         0.547041E-05     0.656326E-06     0.303984E-07
  -914.522          0.00000         0.551780E-05     0.680759E-06     0.379670E-07
  -911.244          0.00000         0.556689E-05     0.698785E-06     0.471027E-07
  -907.966          0.00000         0.561789E-05     0.720357E-06     0.579785E-07
  -904.689          0.00000         0.567107E-05     0.738989E-06     0.707815E-07
  -901.411          0.00000         0.572668E-05     0.757842E-06     0.857140E-07
  -898.133          0.00000         0.578500E-05     0.777054E-06     0.102995E-06
  -894.855          0.00000         0.584635E-05     0.796769E-06     0.122861E-06
  -891.577          0.00000         0.591105E-05     0.823446E-06     0.145569E-06
  -888.299          0.00000         0.597947E-05     0.843878E-06     0.171396E-06
  -885.021          0.00000         0.605197E-05     0.864940E-06     0.200641E-06
  -881.744          0.00000         0.612896E-05     0.886327E-06     0.233628E-06
  -878.466          0.00000         0.621088E-05     0.908407E-06     0.270707E-06
  -875.188          0.00000         0.629819E-05     0.930827E-06     0.312255E-06
  -871.910          0.00000         0.639139E-05     0.947481E-06     0.358680E-06
  -868.632          0.00000         0.649099E-05     0.971274E-06     0.410418E-06
  -865.354          0.00000         0.659755E-05     0.995886E-06     0.467941E-06
  -862.076          0.00000         0.671167E-05     0.102152E-05     0.531754E-06
  -858.799          0.00000         0.683398E-05     0.104748E-05     0.602398E-06
  -855.521          0.00000         0.696513E-05     0.107136E-05     0.680455E-06
  -852.243          0.00000         0.710583E-05     0.109926E-05     0.766544E-06
  -848.965          0.00000         0.725682E-05     0.112838E-05     0.861327E-06
  -845.687          0.00000         0.741888E-05     0.115879E-05     0.965512E-06
  -842.409          0.00000         0.759284E-05     0.118316E-05     0.107985E-05
  -839.131          0.00000         0.777956E-05     0.121635E-05     0.120514E-05
  -835.854          0.00000         0.797997E-05     0.124672E-05     0.134223E-05
  -832.576          0.00000         0.819500E-05     0.128257E-05     0.149203E-05
  -829.298          0.00000         0.842568E-05     0.131273E-05     0.165549E-05
  -826.020          0.00000         0.867304E-05     0.135164E-05     0.183362E-05
  -822.742          0.00000         0.893819E-05     0.139263E-05     0.202750E-05
  -819.464          0.00000         0.922228E-05     0.143162E-05     0.223826E-05
  -816.186          0.00000         0.952651E-05     0.147707E-05     0.246711E-05
  -812.909          0.00000         0.985212E-05     0.151781E-05     0.271531E-05
  -809.631          0.00000         0.102004E-04     0.156460E-05     0.298422E-05
  -806.353          0.00000         0.105728E-04     0.161713E-05     0.327524E-05
  -803.075          0.00000         0.109706E-04     0.166551E-05     0.358988E-05
  -799.797          0.00000         0.113953E-04     0.172420E-05     0.392973E-05
  -796.519          0.00000         0.118484E-04     0.178096E-05     0.429646E-05
  -793.241          0.00000         0.123316E-04     0.183826E-05     0.469185E-05
  -789.964          0.00000         0.128464E-04     0.190680E-05     0.511776E-05
  -786.686          0.00000         0.133945E-04     0.197639E-05     0.557617E-05
  -783.408          0.00000         0.139778E-04     0.204647E-05     0.606916E-05
  -780.130          0.00000         0.145979E-04     0.212635E-05     0.659894E-05
  -776.852          0.00000         0.152568E-04     0.220755E-05     0.716783E-05
  -773.574          0.00000         0.159563E-04     0.228875E-05     0.777828E-05
  -770.296          0.00000         0.166986E-04     0.238085E-05     0.843285E-05
  -767.019          0.00000         0.174856E-04     0.248225E-05     0.913426E-05
  -763.741          0.00000         0.183194E-04     0.258163E-05     0.988537E-05
  -760.463          0.00000         0.192023E-04     0.269032E-05     0.106892E-04
  -757.185          0.00000         0.201365E-04     0.280200E-05     0.115488E-04
  -753.907          0.00000         0.211242E-04     0.292331E-05     0.124675E-04
  -750.629          0.00000         0.221680E-04     0.305379E-05     0.134488E-04
  -747.351          0.00000         0.232701E-04     0.318660E-05     0.144963E-04
  -744.074          0.00000         0.244330E-04     0.333170E-05     0.156137E-04
  -740.796          0.00000         0.256595E-04     0.348022E-05     0.168049E-04
  -737.518          0.00000         0.269519E-04     0.364284E-05     0.180740E-04
  -734.240          0.00000         0.283131E-04     0.380120E-05     0.194254E-04
  -730.962          0.00000         0.297458E-04     0.398301E-05     0.208633E-04
  -727.684          0.00000         0.312527E-04     0.417736E-05     0.223924E-04
  -724.406          0.00000         0.328366E-04     0.437025E-05     0.240175E-04
  -721.129          0.00000         0.345005E-04     0.458075E-05     0.257434E-04
  -717.851          0.00000         0.362473E-04     0.479920E-05     0.275754E-04
  -714.573          0.00000         0.380799E-04     0.503502E-05     0.295187E-04
  -711.295          0.00000         0.400014E-04     0.528071E-05     0.315789E-04
  -708.017          0.00000         0.420148E-04     0.554336E-05     0.337618E-04
  -704.739          0.00000         0.441233E-04     0.581383E-05     0.360732E-04
  -701.461          0.00000         0.463299E-04     0.610181E-05     0.385195E-04
  -698.184          0.00000         0.486380E-04     0.640199E-05     0.411071E-04
  -694.906          0.00000         0.510505E-04     0.671104E-05     0.438429E-04
  -691.628          0.00000         0.535710E-04     0.705216E-05     0.467340E-04
  -688.350          0.00000         0.562025E-04     0.740662E-05     0.497879E-04
  -685.072          0.00000         0.589486E-04     0.777364E-05     0.530125E-04
  -681.794          0.00000         0.618126E-04     0.816899E-05     0.564161E-04
  -678.516          0.00000         0.647980E-04     0.856448E-05     0.600077E-04
  -675.239          0.00000         0.679083E-04     0.899269E-05     0.637966E-04
  -671.961          0.00000         0.711473E-04     0.943021E-05     0.677930E-04
  -668.683          0.00000         0.745186E-04     0.989818E-05     0.720076E-04
  -665.405          0.00000         0.780262E-04     0.103830E-04     0.764519E-04
  -662.127          0.00000         0.816741E-04     0.108906E-04     0.811385E-04
  -658.849          0.00000         0.854664E-04     0.114298E-04     0.860807E-04
  -655.571          0.00000         0.894077E-04     0.119953E-04     0.912929E-04
  -652.294          0.00000         0.935025E-04     0.125992E-04     0.967910E-04
  -649.016          0.00000         0.977559E-04     0.132136E-04     0.102592E-03
  -645.738          0.00000         0.102173E-03     0.138509E-04     0.108714E-03
  -642.460          0.00000         0.106760E-03     0.145295E-04     0.115178E-03
  -639.182          0.00000         0.111522E-03     0.152165E-04     0.122004E-03
  -635.904          0.00000         0.116466E-03     0.159607E-04     0.129218E-03
  -632.626          0.00000         0.121600E-03     0.167191E-04     0.136845E-03
  -629.349          0.00000         0.126930E-03     0.175379E-04     0.144912E-03
  -626.071          0.00000         0.132466E-03     0.183631E-04     0.153452E-03
  -622.793          0.00000         0.138218E-03     0.192132E-04     0.162496E-03
  -619.515          0.00000         0.144194E-03     0.201035E-04     0.172082E-03
  -616.237          0.00000         0.150407E-03     0.210658E-04     0.182249E-03
  -612.959          0.00000         0.156869E-03     0.220819E-04     0.193039E-03
  -609.681         0.594393E-03     0.163594E-03     0.231192E-04     0.204501E-03
  -606.404         0.602936E-03     0.170597E-03     0.242155E-04     0.216683E-03
  -603.126         0.607278E-03     0.177895E-03     0.253453E-04     0.229642E-03
  -599.848         0.616107E-03     0.185507E-03     0.264887E-04     0.243437E-03
  -596.570         0.625135E-03     0.193452E-03     0.277472E-04     0.258133E-03
  -593.292         0.629726E-03     0.201754E-03     0.290431E-04     0.273798E-03
  -590.014         0.639063E-03     0.210438E-03     0.304080E-04     0.290509E-03
  -586.736         0.643812E-03     0.219532E-03     0.318372E-04     0.308347E-03
  -583.459         0.653475E-03     0.229064E-03     0.333025E-04     0.327400E-03
  -580.181         0.663361E-03     0.239070E-03     0.348741E-04     0.347761E-03
  -576.903         0.668391E-03     0.249587E-03     0.364860E-04     0.369532E-03
  -573.625         0.678629E-03     0.260653E-03     0.381631E-04     0.392821E-03
  -570.347         0.683839E-03     0.272314E-03     0.399857E-04     0.417746E-03
  -567.069         0.694444E-03     0.284619E-03     0.418381E-04     0.444431E-03
  -563.791         0.705304E-03     0.297621E-03     0.438138E-04     0.473008E-03
  -560.514         0.710833E-03     0.311378E-03     0.459052E-04     0.503620E-03
  -557.236         0.722092E-03     0.325952E-03     0.481614E-04     0.536418E-03
  -553.958         0.733629E-03     0.341415E-03     0.505067E-04     0.571562E-03
  -550.680         0.739504E-03     0.357840E-03     0.529224E-04     0.609222E-03
  -547.402         0.751473E-03     0.375309E-03     0.555312E-04     0.649579E-03
  -544.124         0.757570E-03     0.393912E-03     0.582122E-04     0.692823E-03
  -540.846         0.769995E-03     0.413742E-03     0.611479E-04     0.739154E-03
  -537.569         0.782737E-03     0.434906E-03     0.642385E-04     0.788786E-03
  -534.291         0.789230E-03     0.457512E-03     0.675436E-04     0.841938E-03
  -531.013         0.802468E-03     0.481683E-03     0.710321E-04     0.898846E-03
  -527.735         0.809216E-03     0.507547E-03     0.747306E-04     0.959753E-03
  -524.457         0.822977E-03     0.535243E-03     0.785314E-04     0.102491E-02
  -521.179         0.837103E-03     0.564919E-03     0.827390E-04     0.109459E-02
  -517.901         0.844306E-03     0.596734E-03     0.872582E-04     0.116907E-02
  -514.624         0.859004E-03     0.630857E-03     0.919995E-04     0.124863E-02
  -511.346         0.874101E-03     0.667469E-03     0.971074E-04     0.133358E-02
  -508.068         0.881804E-03     0.706761E-03     0.102580E-03     0.142421E-02
  -504.790         0.897528E-03     0.748936E-03     0.108322E-03     0.152086E-02
  -501.512         0.905553E-03     0.794211E-03     0.114483E-03     0.162385E-02
  -498.234         0.921941E-03     0.842815E-03     0.121242E-03     0.173352E-02
  -494.956         0.938793E-03     0.894986E-03     0.128591E-03     0.185022E-02
  -491.679         0.947399E-03     0.950981E-03     0.136268E-03     0.197432E-02
  -488.401         0.964983E-03     0.101107E-02     0.144416E-03     0.210617E-02
  -485.123         0.973966E-03     0.107552E-02     0.153294E-03     0.224616E-02
  -481.845         0.992327E-03     0.114464E-02     0.162871E-03     0.239469E-02
  -478.567         0.101123E-02     0.121874E-02     0.173071E-03     0.255213E-02
  -475.289         0.102090E-02     0.129813E-02     0.183904E-03     0.271892E-02
  -472.011         0.104066E-02     0.138316E-02     0.195394E-03     0.289545E-02
  -468.734         0.106104E-02     0.147418E-02     0.207855E-03     0.308217E-02
  -465.456         0.107146E-02     0.157154E-02     0.221049E-03     0.327950E-02
  -462.178         0.109279E-02     0.167564E-02     0.235488E-03     0.348790E-02
  -458.900         0.110371E-02     0.178687E-02     0.251098E-03     0.370784E-02
  -455.622         0.112606E-02     0.190564E-02     0.268040E-03     0.393977E-02
  -452.344         0.114914E-02     0.203237E-02     0.285584E-03     0.418419E-02
  -449.066         0.116097E-02     0.216750E-02     0.304614E-03     0.444160E-02
  -445.789         0.118520E-02     0.231149E-02     0.325509E-03     0.471251E-02
  -442.511         0.119762E-02     0.246480E-02     0.347295E-03     0.499747E-02
  -439.233         0.122309E-02     0.262792E-02     0.371200E-03     0.529701E-02
  -435.955         0.124945E-02     0.280134E-02     0.396026E-03     0.561171E-02
  -432.677         0.126297E-02     0.298558E-02     0.422233E-03     0.594218E-02
  -429.399         0.129072E-02     0.318116E-02     0.450559E-03     0.628901E-02
  -426.121         0.131948E-02     0.338863E-02     0.481159E-03     0.665287E-02
  -422.844         0.133425E-02     0.360852E-02     0.514901E-03     0.703443E-02
  -419.566         0.136461E-02     0.384142E-02     0.549836E-03     0.743439E-02
  -416.288         0.138022E-02     0.408791E-02     0.587833E-03     0.785350E-02
  -413.010         0.141232E-02     0.434857E-02     0.626150E-03     0.829254E-02
  -409.732         0.144568E-02     0.462403E-02     0.668463E-03     0.875234E-02
  -406.454         0.146285E-02     0.491489E-02     0.714653E-03     0.923376E-02
  -403.176         0.149822E-02     0.522181E-02     0.761092E-03     0.973772E-02
  -399.899         0.151644E-02     0.554542E-02     0.813902E-03     0.102652E-01
  -396.621         0.155401E-02     0.588640E-02     0.868479E-03     0.108172E-01
  -393.343         0.159318E-02     0.624542E-02     0.926757E-03     0.113948E-01
  -390.065         0.161338E-02     0.662317E-02     0.986525E-03     0.119992E-01
  -386.787         0.165512E-02     0.702036E-02     0.105251E-02     0.126315E-01
  -383.509         0.169872E-02     0.743771E-02     0.112311E-02     0.132931E-01
  -380.231         0.172126E-02     0.787596E-02     0.119607E-02     0.139854E-01
  -376.954         0.176789E-02     0.833585E-02     0.127310E-02     0.147096E-01
  -373.676         0.179202E-02     0.881816E-02     0.135786E-02     0.154674E-01
  -370.398         0.184201E-02     0.932367E-02     0.144286E-02     0.162603E-01
  -367.120         0.189443E-02     0.985318E-02     0.153671E-02     0.170900E-01
  -363.842         0.192160E-02     0.104075E-01     0.163411E-02     0.179581E-01
  -360.564         0.197801E-02     0.109875E-01     0.173815E-02     0.188666E-01
  -357.286         0.200728E-02     0.115940E-01     0.184702E-02     0.198173E-01
  -354.009         0.206812E-02     0.122279E-01     0.195941E-02     0.208122E-01
  -350.731         0.213218E-02     0.128900E-01     0.208045E-02     0.218532E-01
  -347.453         0.216550E-02     0.135814E-01     0.221166E-02     0.229425E-01
  -344.175         0.223487E-02     0.143028E-01     0.235074E-02     0.240822E-01
  -340.897         0.230812E-02     0.150554E-01     0.249029E-02     0.252744E-01
  -337.619         0.234628E-02     0.158401E-01     0.264627E-02     0.265214E-01
  -334.341         0.242590E-02     0.166578E-01     0.280103E-02     0.278253E-01
  -331.064         0.246744E-02     0.175096E-01     0.296603E-02     0.291885E-01
  -327.786         0.255418E-02     0.183966E-01     0.314337E-02     0.306130E-01
  -324.508         0.264614E-02     0.193198E-01     0.332744E-02     0.321009E-01
  -321.230         0.269420E-02     0.202803E-01     0.352768E-02     0.336544E-01
  -317.952         0.279475E-02     0.212792E-01     0.372688E-02     0.352754E-01
  -314.674         0.284736E-02     0.223176E-01     0.394397E-02     0.369658E-01
  -311.396         0.295752E-02     0.233965E-01     0.416831E-02     0.387270E-01
  -308.119         0.307473E-02     0.245172E-01     0.440151E-02     0.405607E-01
  -304.841         0.313614E-02     0.256807E-01     0.464718E-02     0.424680E-01
  -301.563         0.326494E-02     0.268881E-01     0.491156E-02     0.444498E-01
  -298.285         0.340224E-02     0.281404E-01     0.519205E-02     0.465067E-01
  -295.007         0.347427E-02     0.294386E-01     0.547999E-02     0.486388E-01
  -291.729         0.362554E-02     0.307838E-01     0.578414E-02     0.508458E-01
  -288.451         0.370496E-02     0.321768E-01     0.610403E-02     0.531270E-01
  -285.174         0.387184E-02     0.336184E-01     0.643896E-02     0.554810E-01
  -281.896         0.405014E-02     0.351094E-01     0.678528E-02     0.579058E-01
  -278.618         0.414383E-02     0.366502E-01     0.714131E-02     0.603990E-01
  -275.340         0.434087E-02     0.382414E-01     0.751473E-02     0.629570E-01
  -272.062         0.444446E-02     0.398832E-01     0.792243E-02     0.655758E-01
  -268.784         0.466238E-02     0.415755E-01     0.833597E-02     0.682504E-01
  -265.506         0.489552E-02     0.433182E-01     0.878834E-02     0.709750E-01
  -262.229         0.501814E-02     0.451109E-01     0.922876E-02     0.737428E-01
  -258.951         0.527620E-02     0.469527E-01     0.969996E-02     0.765460E-01
  -255.673         0.555236E-02     0.488425E-01     0.101707E-01     0.793758E-01
  -252.395         0.569763E-02     0.507789E-01     0.107047E-01     0.822225E-01
  -249.117         0.600337E-02     0.527599E-01     0.112511E-01     0.850752E-01
  -245.839         0.616419E-02     0.547831E-01     0.118090E-01     0.879221E-01
  -242.561         0.650263E-02     0.568458E-01     0.123953E-01     0.907501E-01
  -239.284         0.686471E-02     0.589444E-01     0.130035E-01     0.935453E-01
  -236.006         0.705510E-02     0.610752E-01     0.136315E-01     0.962928E-01
  -232.728         0.745561E-02     0.632336E-01     0.142693E-01     0.989767E-01
  -229.450         0.766614E-02     0.654144E-01     0.149344E-01     0.101580    
  -226.172         0.810884E-02     0.676119E-01     0.156688E-01     0.104086    
  -222.894         0.858186E-02     0.698197E-01     0.163892E-01     0.106475    
  -219.616         0.883032E-02     0.720307E-01     0.171109E-01     0.108730    
  -216.339         0.935232E-02     0.742372E-01     0.179010E-01     0.110831    
  -213.061         0.990938E-02     0.764307E-01     0.187033E-01     0.112759    
  -209.783         0.102017E-01     0.786023E-01     0.195083E-01     0.114495    
  -206.505         0.108151E-01     0.807424E-01     0.202838E-01     0.116019    
  -203.227         0.111367E-01     0.828407E-01     0.211584E-01     0.117313    
  -199.949         0.118110E-01     0.848865E-01     0.220494E-01     0.118359    
  -196.671         0.125286E-01     0.868688E-01     0.229592E-01     0.119140    
  -193.394         0.129043E-01     0.887761E-01     0.238687E-01     0.119639    
  -190.116         0.136908E-01     0.905965E-01     0.248160E-01     0.119843    
  -186.838         0.141022E-01     0.923182E-01     0.257458E-01     0.119738    
  -183.560         0.149624E-01     0.939293E-01     0.266898E-01     0.119314    
  -180.282         0.158743E-01     0.954179E-01     0.276631E-01     0.118562    
  -177.004         0.163504E-01     0.967724E-01     0.286366E-01     0.117477    
  -173.726         0.173438E-01     0.979818E-01     0.296263E-01     0.116055    
  -170.449         0.183940E-01     0.990353E-01     0.306428E-01     0.114295    
  -167.171         0.189410E-01     0.999231E-01     0.316285E-01     0.112201    
  -163.893         0.200797E-01     0.100636         0.326280E-01     0.109780    
  -160.615         0.206719E-01     0.101167         0.335876E-01     0.107039    
  -157.337         0.219028E-01     0.101509         0.345587E-01     0.103992    
  -154.059         0.231970E-01     0.101656         0.355400E-01     0.100656    
  -150.781         0.238681E-01     0.101605         0.365204E-01     0.970494E-01
  -147.504         0.252591E-01     0.101353         0.374355E-01     0.931956E-01
  -144.226         0.259791E-01     0.100901         0.383798E-01     0.891203E-01
  -140.948         0.274684E-01     0.100250         0.393036E-01     0.848520E-01
  -137.670         0.290236E-01     0.994035E-01     0.401761E-01     0.804217E-01
  -134.392         0.298258E-01     0.983662E-01     0.410349E-01     0.758625E-01
  -131.114         0.314792E-01     0.971454E-01     0.419002E-01     0.712090E-01
  -127.836         0.331969E-01     0.957500E-01     0.426945E-01     0.664972E-01
  -124.559         0.340796E-01     0.941904E-01     0.434688E-01     0.617634E-01
  -121.281         0.358911E-01     0.924786E-01     0.442529E-01     0.570442E-01
  -118.003         0.368194E-01     0.906281E-01     0.449516E-01     0.523757E-01
  -114.725         0.387193E-01     0.886531E-01     0.456669E-01     0.477928E-01
  -111.447         0.406743E-01     0.865689E-01     0.463269E-01     0.433288E-01
  -108.169         0.416712E-01     0.843912E-01     0.469919E-01     0.390148E-01
  -104.891         0.437010E-01     0.821359E-01     0.476219E-01     0.348791E-01
  -101.614         0.447326E-01     0.798189E-01     0.481575E-01     0.309468E-01
  -98.3357         0.468256E-01     0.774553E-01     0.487202E-01     0.272394E-01
  -95.0579         0.489531E-01     0.750597E-01     0.492334E-01     0.237744E-01
  -91.7800         0.500276E-01     0.726453E-01     0.497227E-01     0.205652E-01
  -88.5021         0.521931E-01     0.702238E-01     0.501997E-01     0.176207E-01
  -85.2243         0.543739E-01     0.678053E-01     0.507377E-01     0.149457E-01
  -81.9464         0.554672E-01     0.653978E-01     0.511563E-01     0.125404E-01
  -78.6686         0.576534E-01     0.630070E-01     0.515797E-01     0.104010E-01
  -75.3907         0.587438E-01     0.606366E-01     0.519455E-01     0.852006E-02
  -72.1129         0.609126E-01     0.582876E-01     0.523796E-01     0.688637E-02
  -68.8350         0.630559E-01     0.559589E-01     0.527238E-01     0.548585E-02
  -65.5571         0.641144E-01     0.536472E-01     0.531395E-01     0.430191E-02
  -62.2793         0.661973E-01     0.513471E-01     0.535314E-01     0.331604E-02
  -59.0014         0.672187E-01     0.490514E-01     0.538942E-01     0.250840E-02
  -55.7236         0.692136E-01     0.467516E-01     0.542149E-01     0.185846E-02
  -52.4457         0.711339E-01     0.444379E-01     0.545962E-01     0.134554E-02
  -49.1679         0.720622E-01     0.421000E-01     0.550052E-01     0.949394E-03
  -45.8900         0.738469E-01     0.397275E-01     0.553226E-01     0.650698E-03
  -42.6121         0.755257E-01     0.373102E-01     0.556460E-01     0.431481E-03
  -39.3343         0.763216E-01     0.348387E-01     0.559007E-01     0.275451E-03
  -36.0564         0.778189E-01     0.323046E-01     0.562752E-01     0.168237E-03
  -32.7786         0.785176E-01     0.297015E-01     0.564708E-01     0.975255E-04
  -29.5007         0.798083E-01     0.270246E-01     0.566772E-01     0.530955E-04
  -26.2229         0.809486E-01     0.242716E-01     0.571064E-01     0.267639E-04
  -22.9450         0.814595E-01     0.214423E-01     0.574979E-01     0.122439E-04
  -19.6671         0.823578E-01     0.185392E-01     0.575762E-01     0.493702E-05
  -16.3893         0.827433E-01     0.155674E-01     0.575781E-01     0.167689E-05
  -13.1114         0.833834E-01     0.125341E-01     0.576559E-01     0.444699E-06
  -9.83357         0.838446E-01     0.944869E-02     0.579473E-01     0.798627E-07
  -6.55571         0.840068E-01     0.632255E-02     0.577340E-01     0.705654E-08
  -3.27786         0.841930E-01     0.316841E-02     0.577099E-01     0.110685E-09
   3.27786         0.841930E-01     0.316841E-02     0.577099E-01     0.110685E-09
   6.55571         0.840068E-01     0.632255E-02     0.577340E-01     0.705654E-08
   9.83357         0.838446E-01     0.944869E-02     0.579473E-01     0.798627E-07
   13.1114         0.833834E-01     0.125341E-01     0.576559E-01     0.444699E-06
   16.3893         0.827433E-01     0.155674E-01     0.575781E-01     0.167689E-05
   19.6671         0.823578E-01     0.185392E-01     0.575762E-01     0.493702E-05
   22.9450         0.814595E-01     0.214423E-01     0.574979E-01     0.122439E-04
   26.2229         0.809486E-01     0.242716E-01     0.571064E-01     0.267639E-04
   29.5007         0.798083E-01     0.270246E-01     0.566772E-01     0.530955E-04
   32.7786         0.785176E-01     0.297015E-01     0.564708E-01     0.975255E-04
   36.0564         0.778189E-01     0.323046E-01     0.562752E-01     0.168237E-03
   39.3343         0.763216E-01     0.348387E-01     0.559007E-01     0.275451E-03
   42.6121         0.755257E-01     0.373102E-01     0.556460E-01     0.431481E-03
   45.8900         0.738469E-01     0.397275E-01     0.553226E-01     0.650698E-03
   49.1679         0.720622E-01     0.421000E-01     0.550052E-01     0.949394E-03
   52.4457         0.711339E-01     0.444379E-01     0.545962E-01     0.134554E-02
   55.7236         0.692136E-01     0.467516E-01     0.542149E-01     0.185846E-02
   59.0014         0.672187E-01     0.490514E-01     0.538942E-01     0.250840E-02
   62.2793         0.661973E-01     0.513471E-01     0.535314E-01     0.331604E-02
   65.5571         0.641144E-01     0.536472E-01     0.531395E-01     0.430191E-02
   68.8350         0.630559E-01     0.559589E-01     0.527238E-01     0.548585E-02
   72.1129         0.609126E-01     0.582876E-01     0.523796E-01     0.688637E-02
   75.3907         0.587438E-01     0.606366E-01     0.519455E-01     0.852006E-02
   78.6686         0.576534E-01     0.630070E-01     0.515797E-01     0.104010E-01
   81.9464         0.554672E-01     0.653978E-01     0.511563E-01     0.125404E-01
   85.2243         0.543739E-01     0.678053E-01     0.507377E-01     0.149457E-01
   88.5021         0.521931E-01     0.702238E-01     0.501997E-01     0.176207E-01
   91.7800         0.500276E-01     0.726453E-01     0.497227E-01     0.205652E-01
   95.0579         0.489531E-01     0.750597E-01     0.492334E-01     0.237744E-01
   98.3357         0.468256E-01     0.774553E-01     0.487202E-01     0.272394E-01
   101.614         0.447326E-01     0.798189E-01     0.481575E-01     0.309468E-01
   104.891         0.437010E-01     0.821359E-01     0.476219E-01     0.348791E-01
   108.169         0.416712E-01     0.843912E-01     0.469919E-01     0.390148E-01
   111.447         0.406743E-01     0.865689E-01     0.463269E-01     0.433288E-01
   114.725         0.387193E-01     0.886531E-01     0.456669E-01     0.477928E-01
   118.003         0.368194E-01     0.906281E-01     0.449516E-01     0.523757E-01
   121.281         0.358911E-01     0.924786E-01     0.442529E-01     0.570442E-01
   124.559         0.340796E-01     0.941904E-01     0.434688E-01     0.617634E-01
   127.836         0.331969E-01     0.957500E-01     0.426945E-01     0.664972E-01
   131.114         0.314792E-01     0.971454E-01     0.419002E-01     0.712090E-01
   134.392         0.298258E-01     0.983662E-01     0.410349E-01     0.758625E-01
   137.670         0.290236E-01     0.994035E-01     0.401761E-01     0.804217E-01
   140.948         0.274684E-01     0.100250         0.393036E-01     0.848520E-01
   144.226         0.259791E-01     0.100901         0.383798E-01     0.891203E-01
   147.504         0.252591E-01     0.101353         0.374355E-01     0.931956E-01
   150.781         0.238681E-01     0.101605         0.365204E-01     0.970494E-01
   154.059         0.231970E-01     0.101656         0.355400E-01     0.100656    
   157.337         0.219028E-01     0.101509         0.345587E-01     0.103992    
   160.615         0.206719E-01     0.101167         0.335876E-01     0.107039    
   163.893         0.200797E-01     0.100636         0.326280E-01     0.109780    
   167.171         0.189410E-01     0.999231E-01     0.316285E-01     0.112201    
   170.449         0.183940E-01     0.990353E-01     0.306428E-01     0.114295    
   173.726         0.173438E-01     0.979818E-01     0.296263E-01     0.116055    
   177.004         0.163504E-01     0.967724E-01     0.286366E-01     0.117477    
   180.282         0.158743E-01     0.954179E-01     0.276631E-01     0.118562    
   183.560         0.149624E-01     0.939293E-01     0.266898E-01     0.119314    
   186.838         0.141022E-01     0.923182E-01     0.257458E-01     0.119738    
   190.116         0.136908E-01     0.905965E-01     0.248160E-01     0.119843    
   193.394         0.129043E-01     0.887761E-01     0.238687E-01     0.119639    
   196.671         0.125286E-01     0.868688E-01     0.229592E-01     0.119140    
   199.949         0.118110E-01     0.848865E-01     0.220494E-01     0.118359    
   203.227         0.111367E-01     0.828407E-01     0.211584E-01     0.117313    
   206.505         0.108151E-01     0.807424E-01     0.202838E-01     0.116019    
   209.783         0.102017E-01     0.786023E-01     0.195083E-01     0.114495    
   213.061         0.990938E-02     0.764307E-01     0.187033E-01     0.112759    
   216.339         0.935232E-02     0.742372E-01     0.179010E-01     0.110831    
   219.616         0.883032E-02     0.720307E-01     0.171109E-01     0.108730    
   222.894         0.858186E-02     0.698197E-01     0.163892E-01     0.106475    
   226.172         0.810884E-02     0.676119E-01     0.156688E-01     0.104086    
   229.450         0.766614E-02     0.654144E-01     0.149344E-01     0.101580    
   232.728         0.745561E-02     0.632336E-01     0.142693E-01     0.989767E-01
   236.006         0.705510E-02     0.610752E-01     0.136315E-01     0.962928E-01
   239.284         0.686471E-02     0.589444E-01     0.130035E-01     0.935453E-01
   242.561         0.650263E-02     0.568458E-01     0.123953E-01     0.907501E-01
   245.839         0.616419E-02     0.547831E-01     0.118090E-01     0.879221E-01
   249.117         0.600337E-02     0.527599E-01     0.112511E-01     0.850752E-01
   252.395         0.569763E-02     0.507789E-01     0.107047E-01     0.822225E-01
   255.673         0.555236E-02     0.488425E-01     0.101707E-01     0.793758E-01
   258.951         0.527620E-02     0.469527E-01     0.969996E-02     0.765460E-01
   262.229         0.501814E-02     0.451109E-01     0.922876E-02     0.737428E-01
   265.506         0.489552E-02     0.433182E-01     0.878834E-02     0.709750E-01
   268.784         0.466238E-02     0.415755E-01     0.833597E-02     0.682504E-01
   272.062         0.444446E-02     0.398832E-01     0.792243E-02     0.655758E-01
   275.340         0.434087E-02     0.382414E-01     0.751473E-02     0.629570E-01
   278.618         0.414383E-02     0.366502E-01     0.714131E-02     0.603990E-01
   281.896         0.405014E-02     0.351094E-01     0.678528E-02     0.579058E-01
   285.174         0.387184E-02     0.336184E-01     0.643896E-02     0.554810E-01
   288.451         0.370496E-02     0.321768E-01     0.610403E-02     0.531270E-01
   291.729         0.362554E-02     0.307838E-01     0.578414E-02     0.508458E-01
   295.007         0.347427E-02     0.294386E-01     0.547999E-02     0.486388E-01
   298.285         0.340224E-02     0.281404E-01     0.519205E-02     0.465067E-01
   301.563         0.326494E-02     0.268881E-01     0.491156E-02     0.444498E-01
   304.841         0.313614E-02     0.256807E-01     0.464718E-02     0.424680E-01
   308.119         0.307473E-02     0.245172E-01     0.440151E-02     0.405607E-01
   311.396         0.295752E-02     0.233965E-01     0.416831E-02     0.387270E-01
   314.674         0.284736E-02     0.223176E-01     0.394397E-02     0.369658E-01
   317.952         0.279475E-02     0.212792E-01     0.372688E-02     0.352754E-01
   321.230         0.269420E-02     0.202803E-01     0.352768E-02     0.336544E-01
   324.508         0.264614E-02     0.193198E-01     0.332744E-02     0.321009E-01
   327.786         0.255418E-02     0.183966E-01     0.314337E-02     0.306130E-01
   331.064         0.246744E-02     0.175096E-01     0.296603E-02     0.291885E-01
   334.341         0.242590E-02     0.166578E-01     0.280103E-02     0.278253E-01
   337.619         0.234628E-02     0.158401E-01     0.264627E-02     0.265214E-01
   340.897         0.230812E-02     0.150554E-01     0.249029E-02     0.252744E-01
   344.175         0.223487E-02     0.143028E-01     0.235074E-02     0.240822E-01
   347.453         0.216550E-02     0.135814E-01     0.221166E-02     0.229425E-01
   350.731         0.213218E-02     0.128900E-01     0.208045E-02     0.218532E-01
   354.009         0.206812E-02     0.122279E-01     0.195941E-02     0.208122E-01
   357.286         0.200728E-02     0.115940E-01     0.184702E-02     0.198173E-01
   360.564         0.197801E-02     0.109875E-01     0.173815E-02     0.188666E-01
   363.842         0.192160E-02     0.104075E-01     0.163411E-02     0.179581E-01
   367.120         0.189443E-02     0.985318E-02     0.153671E-02     0.170900E-01
   370.398         0.184201E-02     0.932367E-02     0.144286E-02     0.162603E-01
   373.676         0.179202E-02     0.881816E-02     0.135786E-02     0.154674E-01
   376.954         0.176789E-02     0.833585E-02     0.127310E-02     0.147096E-01
   380.231         0.172126E-02     0.787596E-02     0.119607E-02     0.139854E-01
   383.509         0.169872E-02     0.743771E-02     0.112311E-02     0.132931E-01
   386.787         0.165512E-02     0.702036E-02     0.105251E-02     0.126315E-01
   390.065         0.161338E-02     0.662317E-02     0.986525E-03     0.119992E-01
   393.343         0.159318E-02     0.624542E-02     0.926757E-03     0.113948E-01
   396.621         0.155401E-02     0.588640E-02     0.868479E-03     0.108172E-01
   399.899         0.151644E-02     0.554542E-02     0.813902E-03     0.102652E-01
   403.176         0.149822E-02     0.522181E-02     0.761092E-03     0.973772E-02
   406.454         0.146285E-02     0.491489E-02     0.714653E-03     0.923376E-02
   409.732         0.144568E-02     0.462403E-02     0.668463E-03     0.875234E-02
   413.010         0.141232E-02     0.434857E-02     0.626150E-03     0.829254E-02
   416.288         0.138022E-02     0.408791E-02     0.587833E-03     0.785350E-02
   419.566         0.136461E-02     0.384142E-02     0.549836E-03     0.743439E-02
   422.844         0.133425E-02     0.360852E-02     0.514901E-03     0.703443E-02
   426.121         0.131948E-02     0.338863E-02     0.481159E-03     0.665287E-02
   429.399         0.129072E-02     0.318116E-02     0.450559E-03     0.628901E-02
   432.677         0.126297E-02     0.298558E-02     0.422233E-03     0.594218E-02
   435.955         0.124945E-02     0.280134E-02     0.396026E-03     0.561171E-02
   439.233         0.122309E-02     0.262792E-02     0.371200E-03     0.529701E-02
   442.511         0.119762E-02     0.246480E-02     0.347295E-03     0.499747E-02
   445.789         0.118520E-02     0.231149E-02     0.325509E-03     0.471251E-02
   449.066         0.116097E-02     0.216750E-02     0.304614E-03     0.444160E-02
   452.344         0.114914E-02     0.203237E-02     0.285584E-03     0.418419E-02
   455.622         0.112606E-02     0.190564E-02     0.268040E-03     0.393977E-02
   458.900         0.110371E-02     0.178687E-02     0.251098E-03     0.370784E-02
   462.178         0.109279E-02     0.167564E-02     0.235488E-03     0.348790E-02
   465.456         0.107146E-02     0.157154E-02     0.221049E-03     0.327950E-02
   468.734         0.106104E-02     0.147418E-02     0.207855E-03     0.308217E-02
   472.011         0.104066E-02     0.138316E-02     0.195394E-03     0.289545E-02
   475.289         0.102090E-02     0.129813E-02     0.183904E-03     0.271892E-02
   478.567         0.101123E-02     0.121874E-02     0.173071E-03     0.255213E-02
   481.845         0.992327E-03     0.114464E-02     0.162871E-03     0.239469E-02
   485.123         0.973966E-03     0.107552E-02     0.153294E-03     0.224616E-02
   488.401         0.964983E-03     0.101107E-02     0.144416E-03     0.210617E-02
   491.679         0.947399E-03     0.950981E-03     0.136268E-03     0.197432E-02
   494.956         0.938793E-03     0.894986E-03     0.128591E-03     0.185022E-02
   498.234         0.921941E-03     0.842815E-03     0.121242E-03     0.173352E-02
   501.512         0.905553E-03     0.794211E-03     0.114483E-03     0.162385E-02
   504.790         0.897528E-03     0.748936E-03     0.108322E-03     0.152086E-02
   508.068         0.881804E-03     0.706761E-03     0.102580E-03     0.142421E-02
   511.346         0.874101E-03     0.667469E-03     0.971074E-04     0.133358E-02
   514.624         0.859004E-03     0.630857E-03     0.919995E-04     0.124863E-02
   517.901         0.844306E-03     0.596734E-03     0.872582E-04     0.116907E-02
   521.179         0.837103E-03     0.564919E-03     0.827390E-04     0.109459E-02
   524.457         0.822977E-03     0.535243E-03     0.785314E-04     0.102491E-02
   527.735         0.809216E-03     0.507547E-03     0.747306E-04     0.959753E-03
   531.013         0.802468E-03     0.481683E-03     0.710321E-04     0.898846E-03
   534.291         0.789230E-03     0.457512E-03     0.675436E-04     0.841938E-03
   537.569         0.782737E-03     0.434906E-03     0.642385E-04     0.788786E-03
   540.846         0.769995E-03     0.413742E-03     0.611479E-04     0.739154E-03
   544.124         0.757570E-03     0.393912E-03     0.582122E-04     0.692823E-03
   547.402         0.751473E-03     0.375309E-03     0.555312E-04     0.649579E-03
   550.680         0.739504E-03     0.357840E-03     0.529224E-04     0.609222E-03
   553.958         0.733629E-03     0.341415E-03     0.505067E-04     0.571562E-03
   557.236         0.722092E-03     0.325952E-03     0.481614E-04     0.536418E-03
   560.514         0.710833E-03     0.311378E-03     0.459052E-04     0.503620E-03
   563.791         0.705304E-03     0.297621E-03     0.438138E-04     0.473008E-03
   567.069         0.694444E-03     0.284619E-03     0.418381E-04     0.444431E-03
   570.347         0.683839E-03     0.272314E-03     0.399857E-04     0.417746E-03
   573.625         0.678629E-03     0.260653E-03     0.381631E-04     0.392821E-03
   576.903         0.668391E-03     0.249587E-03     0.364860E-04     0.369532E-03
   580.181         0.663361E-03     0.239070E-03     0.348741E-04     0.347761E-03
   583.459         0.653475E-03     0.229064E-03     0.333025E-04     0.327400E-03
   586.736         0.643812E-03     0.219532E-03     0.318372E-04     0.308347E-03
   590.014         0.639063E-03     0.210438E-03     0.304080E-04     0.290509E-03
   593.292         0.629726E-03     0.201754E-03     0.290431E-04     0.273798E-03
   596.570         0.625135E-03     0.193452E-03     0.277472E-04     0.258133E-03
   599.848         0.616107E-03     0.185507E-03     0.264887E-04     0.243437E-03
   603.126         0.607278E-03     0.177895E-03     0.253453E-04     0.229642E-03
   606.404         0.602936E-03     0.170597E-03     0.242155E-04     0.216683E-03
   609.681         0.594393E-03     0.163594E-03     0.231192E-04     0.204501E-03
   612.959          0.00000         0.156869E-03     0.220819E-04     0.193039E-03
   616.237          0.00000         0.150407E-03     0.210658E-04     0.182249E-03
   619.515          0.00000         0.144194E-03     0.201035E-04     0.172082E-03
   622.793          0.00000         0.138218E-03     0.192132E-04     0.162496E-03
   626.071          0.00000         0.132466E-03     0.183631E-04     0.153452E-03
   629.349          0.00000         0.126930E-03     0.175379E-04     0.144912E-03
   632.626          0.00000         0.121600E-03     0.167191E-04     0.136845E-03
   635.904          0.00000         0.116466E-03     0.159607E-04     0.129218E-03
   639.182          0.00000         0.111522E-03     0.152165E-04     0.122004E-03
   642.460          0.00000         0.106760E-03     0.145295E-04     0.115178E-03
   645.738          0.00000         0.102173E-03     0.138509E-04     0.108714E-03
   649.016          0.00000         0.977559E-04     0.132136E-04     0.102592E-03
   652.294          0.00000         0.935025E-04     0.125992E-04     0.967910E-04
   655.571          0.00000         0.894077E-04     0.119953E-04     0.912929E-04
   658.849          0.00000         0.854664E-04     0.114298E-04     0.860807E-04
   662.127          0.00000         0.816741E-04     0.108906E-04     0.811385E-04
   665.405          0.00000         0.780262E-04     0.103830E-04     0.764519E-04
   668.683          0.00000         0.745186E-04     0.989818E-05     0.720076E-04
   671.961          0.00000         0.711473E-04     0.943021E-05     0.677930E-04
   675.239          0.00000         0.679083E-04     0.899269E-05     0.637966E-04
   678.516          0.00000         0.647980E-04     0.856448E-05     0.600077E-04
   681.794          0.00000         0.618126E-04     0.816899E-05     0.564161E-04
   685.072          0.00000         0.589486E-04     0.777364E-05     0.530125E-04
   688.350          0.00000         0.562025E-04     0.740662E-05     0.497879E-04
   691.628          0.00000         0.535710E-04     0.705216E-05     0.467340E-04
   694.906          0.00000         0.510505E-04     0.671104E-05     0.438429E-04
   698.184          0.00000         0.486380E-04     0.640199E-05     0.411071E-04
   701.461          0.00000         0.463299E-04     0.610181E-05     0.385195E-04
   704.739          0.00000         0.441233E-04     0.581383E-05     0.360732E-04
   708.017          0.00000         0.420148E-04     0.554336E-05     0.337618E-04
   711.295          0.00000         0.400014E-04     0.528071E-05     0.315789E-04
   714.573          0.00000         0.380799E-04     0.503502E-05     0.295187E-04
   717.851          0.00000         0.362473E-04     0.479920E-05     0.275754E-04
   721.129          0.00000         0.345005E-04     0.458075E-05     0.257434E-04
   724.406          0.00000         0.328366E-04     0.437025E-05     0.240175E-04
   727.684          0.00000         0.312527E-04     0.417736E-05     0.223924E-04
   730.962          0.00000         0.297458E-04     0.398301E-05     0.208633E-04
   734.240          0.00000         0.283131E-04     0.380120E-05     0.194254E-04
   737.518          0.00000         0.269519E-04     0.364284E-05     0.180740E-04
   740.796          0.00000         0.256595E-04     0.348022E-05     0.168049E-04
   744.074          0.00000         0.244330E-04     0.333170E-05     0.156137E-04
   747.351          0.00000         0.232701E-04     0.318660E-05     0.144963E-04
   750.629          0.00000         0.221680E-04     0.305379E-05     0.134488E-04
   753.907          0.00000         0.211242E-04     0.292331E-05     0.124675E-04
   757.185          0.00000         0.201365E-04     0.280200E-05     0.115488E-04
   760.463          0.00000         0.192023E-04     0.269032E-05     0.106892E-04
   763.741          0.00000         0.183194E-04     0.258163E-05     0.988537E-05
   767.019          0.00000         0.174856E-04     0.248225E-05     0.913426E-05
   770.296          0.00000         0.166986E-04     0.238085E-05     0.843285E-05
   773.574          0.00000         0.159563E-04     0.228875E-05     0.777828E-05
   776.852          0.00000         0.152568E-04     0.220755E-05     0.716783E-05
   780.130          0.00000         0.145979E-04     0.212635E-05     0.659894E-05
   783.408          0.00000         0.139778E-04     0.204647E-05     0.606916E-05
   786.686          0.00000         0.133945E-04     0.197639E-05     0.557617E-05
   789.964          0.00000         0.128464E-04     0.190680E-05     0.511776E-05
   793.241          0.00000         0.123316E-04     0.183826E-05     0.469185E-05
   796.519          0.00000         0.118484E-04     0.178096E-05     0.429646E-05
   799.797          0.00000         0.113953E-04     0.172420E-05     0.392973E-05
   803.075          0.00000         0.109706E-04     0.166551E-05     0.358988E-05
   806.353          0.00000         0.105728E-04     0.161713E-05     0.327524E-05
   809.631          0.00000         0.102004E-04     0.156460E-05     0.298422E-05
   812.909          0.00000         0.985212E-05     0.151781E-05     0.271531E-05
   816.186          0.00000         0.952651E-05     0.147707E-05     0.246711E-05
   819.464          0.00000         0.922228E-05     0.143162E-05     0.223826E-05
   822.742          0.00000         0.893819E-05     0.139263E-05     0.202750E-05
   826.020          0.00000         0.867304E-05     0.135164E-05     0.183362E-05
   829.298          0.00000         0.842568E-05     0.131273E-05     0.165549E-05
   832.576          0.00000         0.819500E-05     0.128257E-05     0.149203E-05
   835.854          0.00000         0.797997E-05     0.124672E-05     0.134223E-05
   839.131          0.00000         0.777956E-05     0.121635E-05     0.120514E-05
   842.409          0.00000         0.759284E-05     0.118316E-05     0.107985E-05
   845.687          0.00000         0.741888E-05     0.115879E-05     0.965512E-06
   848.965          0.00000         0.725682E-05     0.112838E-05     0.861327E-06
   852.243          0.00000         0.710583E-05     0.109926E-05     0.766544E-06
   855.521          0.00000         0.696513E-05     0.107136E-05     0.680455E-06
   858.799          0.00000         0.683398E-05     0.104748E-05     0.602398E-06
   862.076          0.00000         0.671167E-05     0.102152E-05     0.531754E-06
   865.354          0.00000         0.659755E-05     0.995886E-06     0.467941E-06
   868.632          0.00000         0.649099E-05     0.971274E-06     0.410418E-06
   871.910          0.00000         0.639139E-05     0.947481E-06     0.358680E-06
   875.188          0.00000         0.629819E-05     0.930827E-06     0.312255E-06
   878.466          0.00000         0.621088E-05     0.908407E-06     0.270707E-06
   881.744          0.00000         0.612896E-05     0.886327E-06     0.233628E-06
   885.021          0.00000         0.605197E-05     0.864940E-06     0.200641E-06
   888.299          0.00000         0.597947E-05     0.843878E-06     0.171396E-06
   891.577          0.00000         0.591105E-05     0.823446E-06     0.145569E-06
   894.855          0.00000         0.584635E-05     0.796769E-06     0.122861E-06
   898.133          0.00000         0.578500E-05     0.777054E-06     0.102995E-06
   901.411          0.00000         0.572668E-05     0.757842E-06     0.857140E-07
   904.689          0.00000         0.567107E-05     0.738989E-06     0.707815E-07
   907.966          0.00000         0.561789E-05     0.720357E-06     0.579785E-07
   911.244          0.00000         0.556689E-05     0.698785E-06     0.471027E-07
   914.522          0.00000         0.551780E-05     0.680759E-06     0.379670E-07
   917.800          0.00000         0.547041E-05     0.656326E-06     0.303984E-07
   921.078          0.00000         0.542451E-05     0.638865E-06     0.242366E-07
   924.356          0.00000         0.537990E-05     0.618247E-06     0.193335E-07
   927.634          0.00000         0.533641E-05     0.594751E-06     0.155519E-07
   930.911          0.00000         0.529388E-05     0.578167E-06     0.127648E-07
   934.189          0.00000         0.525217E-05     0.558418E-06     0.108543E-07
   937.467          0.00000         0.521114E-05     0.535443E-06     0.971168E-08
   940.745          0.00000         0.517066E-05     0.516242E-06     0.923617E-08
   944.023          0.00000         0.513065E-05     0.493832E-06     0.933471E-08
   947.301          0.00000         0.509099E-05     0.468261E-06     0.992145E-08
   950.579          0.00000         0.505161E-05     0.449621E-06     0.109174E-07
   953.856          0.00000         0.501242E-05     0.424500E-06     0.122501E-07
   957.134          0.00000         0.497337E-05     0.403019E-06     0.138532E-07
   960.412          0.00000         0.493441E-05     0.378517E-06     0.156665E-07
   963.690          0.00000         0.489547E-05     0.350820E-06     0.176351E-07
   966.968          0.00000         0.485653E-05     0.326764E-06     0.197098E-07
   970.246          0.00000         0.481754E-05     0.296289E-06     0.218467E-07
   973.524          0.00000         0.477849E-05     0.262802E-06     0.240067E-07
   976.801          0.00000         0.473936E-05     0.229685E-06     0.261555E-07
   980.079          0.00000         0.470013E-05     0.193604E-06     0.282635E-07
   983.357          0.00000         0.466079E-05     0.151319E-06     0.303051E-07
   986.635          0.00000         0.462134E-05     0.827449E-07     0.322590E-07
