 Knockout Xsection (mb) - j, l, nocc, SF -  2.5    2    6    1.00
     34.099
    
 Momentum distributions
    Q_i             dS/dQ_z          dS/dQ_t          dS/dQ_y          dS/dQ
  (MeV/C)          (mb/MeV/c)       (mb/MeV/c)       (mb/MeV/c)       (mb/MeV/c)
  -986.635          0.00000         0.630277E-05     0.113017E-06     0.820013E-07
  -983.357          0.00000         0.635840E-05     0.206713E-06     0.813485E-07
  -980.079          0.00000         0.641349E-05     0.264518E-06     0.804819E-07
  -976.801          0.00000         0.646799E-05     0.313856E-06     0.794075E-07
  -973.524          0.00000         0.652185E-05     0.359140E-06     0.781357E-07
  -970.246          0.00000         0.657505E-05     0.404917E-06     0.766826E-07
  -966.968          0.00000         0.662754E-05     0.446563E-06     0.750699E-07
  -963.690          0.00000         0.667930E-05     0.479417E-06     0.733258E-07
  -960.412          0.00000         0.673033E-05     0.517210E-06     0.714853E-07
  -957.134          0.00000         0.678060E-05     0.550598E-06     0.695909E-07
  -953.856          0.00000         0.683011E-05     0.579816E-06     0.676928E-07
  -950.579          0.00000         0.687889E-05     0.613952E-06     0.658493E-07
  -947.301          0.00000         0.692696E-05     0.639175E-06     0.641277E-07
  -944.023          0.00000         0.697434E-05     0.673798E-06     0.626042E-07
  -940.745          0.00000         0.702108E-05     0.704037E-06     0.613648E-07
  -937.467          0.00000         0.706726E-05     0.729800E-06     0.605056E-07
  -934.189          0.00000         0.711294E-05     0.760620E-06     0.601331E-07
  -930.911          0.00000         0.715822E-05     0.786930E-06     0.603652E-07
  -927.634          0.00000         0.720322E-05     0.808814E-06     0.613316E-07
  -924.356          0.00000         0.724806E-05     0.840022E-06     0.631743E-07
  -921.078          0.00000         0.729290E-05     0.867156E-06     0.660488E-07
  -917.800          0.00000         0.733791E-05     0.889837E-06     0.701248E-07
  -914.522          0.00000         0.738328E-05     0.921899E-06     0.755872E-07
  -911.244          0.00000         0.742924E-05     0.945035E-06     0.826371E-07
  -907.966          0.00000         0.747604E-05     0.972854E-06     0.914935E-07
  -904.689          0.00000         0.752393E-05     0.996461E-06     0.102394E-06
  -901.411          0.00000         0.757324E-05     0.102023E-05     0.115598E-06
  -898.133          0.00000         0.762428E-05     0.104426E-05     0.131386E-06
  -894.855          0.00000         0.767742E-05     0.106876E-05     0.150062E-06
  -891.577          0.00000         0.773306E-05     0.110258E-05     0.171959E-06
  -888.299          0.00000         0.779164E-05     0.112759E-05     0.197434E-06
  -885.021          0.00000         0.785363E-05     0.115318E-05     0.226877E-06
  -881.744          0.00000         0.791955E-05     0.117903E-05     0.260711E-06
  -878.466          0.00000         0.798994E-05     0.120550E-05     0.299391E-06
  -875.188          0.00000         0.806541E-05     0.123221E-05     0.343412E-06
  -871.910          0.00000         0.814662E-05     0.125066E-05     0.393307E-06
  -868.632          0.00000         0.823425E-05     0.127864E-05     0.449652E-06
  -865.354          0.00000         0.832907E-05     0.130741E-05     0.513066E-06
  -862.076          0.00000         0.843188E-05     0.133717E-05     0.584217E-06
  -858.799          0.00000         0.854354E-05     0.136724E-05     0.663819E-06
  -855.521          0.00000         0.866499E-05     0.139395E-05     0.752642E-06
  -852.243          0.00000         0.879721E-05     0.142599E-05     0.851506E-06
  -848.965          0.00000         0.894125E-05     0.145926E-05     0.961291E-06
  -845.687          0.00000         0.909824E-05     0.149386E-05     0.108293E-05
  -842.409          0.00000         0.926938E-05     0.151990E-05     0.121743E-05
  -839.131          0.00000         0.945593E-05     0.155749E-05     0.136585E-05
  -835.854          0.00000         0.965923E-05     0.159118E-05     0.152932E-05
  -832.576          0.00000         0.988071E-05     0.163171E-05     0.170904E-05
  -829.298          0.00000         0.101219E-04     0.166436E-05     0.190629E-05
  -826.020          0.00000         0.103843E-04     0.170843E-05     0.212242E-05
  -822.742          0.00000         0.106696E-04     0.175489E-05     0.235886E-05
  -819.464          0.00000         0.109796E-04     0.179837E-05     0.261713E-05
  -816.186          0.00000         0.113162E-04     0.185012E-05     0.289886E-05
  -812.909          0.00000         0.116812E-04     0.189515E-05     0.320576E-05
  -809.631          0.00000         0.120767E-04     0.194802E-05     0.353964E-05
  -806.353          0.00000         0.125048E-04     0.200845E-05     0.390245E-05
  -803.075          0.00000         0.129677E-04     0.206300E-05     0.429624E-05
  -799.797          0.00000         0.134678E-04     0.213105E-05     0.472320E-05
  -796.519          0.00000         0.140074E-04     0.219677E-05     0.518567E-05
  -793.241          0.00000         0.145891E-04     0.226284E-05     0.568615E-05
  -789.964          0.00000         0.152155E-04     0.234366E-05     0.622729E-05
  -786.686          0.00000         0.158894E-04     0.242561E-05     0.681193E-05
  -783.408          0.00000         0.166136E-04     0.250817E-05     0.744312E-05
  -780.130          0.00000         0.173911E-04     0.260424E-05     0.812410E-05
  -776.852          0.00000         0.182250E-04     0.270193E-05     0.885834E-05
  -773.574          0.00000         0.191184E-04     0.280004E-05     0.964957E-05
  -770.296          0.00000         0.200748E-04     0.291259E-05     0.105017E-04
  -767.019          0.00000         0.210976E-04     0.303757E-05     0.114191E-04
  -763.741          0.00000         0.221905E-04     0.316022E-05     0.124062E-04
  -760.463          0.00000         0.233571E-04     0.329557E-05     0.134678E-04
  -757.185          0.00000         0.246015E-04     0.343570E-05     0.146092E-04
  -753.907          0.00000         0.259276E-04     0.358926E-05     0.158356E-04
  -750.629          0.00000         0.273397E-04     0.375570E-05     0.171531E-04
  -747.351          0.00000         0.288422E-04     0.392588E-05     0.185676E-04
  -744.074          0.00000         0.304395E-04     0.411362E-05     0.200858E-04
  -740.796          0.00000         0.321365E-04     0.430646E-05     0.217144E-04
  -737.518          0.00000         0.339379E-04     0.451948E-05     0.234607E-04
  -734.240          0.00000         0.358488E-04     0.472814E-05     0.253323E-04
  -730.962          0.00000         0.378744E-04     0.496955E-05     0.273372E-04
  -727.684          0.00000         0.400202E-04     0.522938E-05     0.294836E-04
  -724.406          0.00000         0.422917E-04     0.548921E-05     0.317804E-04
  -721.129          0.00000         0.446947E-04     0.577505E-05     0.342365E-04
  -717.851          0.00000         0.472350E-04     0.607315E-05     0.368614E-04
  -714.573          0.00000         0.499188E-04     0.639698E-05     0.396648E-04
  -711.295          0.00000         0.527523E-04     0.673699E-05     0.426571E-04
  -708.017          0.00000         0.557419E-04     0.710259E-05     0.458486E-04
  -704.739          0.00000         0.588943E-04     0.748169E-05     0.492502E-04
  -701.461          0.00000         0.622162E-04     0.788802E-05     0.528733E-04
  -698.184          0.00000         0.657146E-04     0.831534E-05     0.567293E-04
  -694.906          0.00000         0.693964E-04     0.875747E-05     0.608304E-04
  -691.628          0.00000         0.732690E-04     0.924782E-05     0.651888E-04
  -688.350          0.00000         0.773397E-04     0.976129E-05     0.698175E-04
  -685.072          0.00000         0.816161E-04     0.102973E-04     0.747296E-04
  -681.794          0.00000         0.861058E-04     0.108771E-04     0.799388E-04
  -678.516          0.00000         0.908166E-04     0.114613E-04     0.854595E-04
  -675.239          0.00000         0.957567E-04     0.120975E-04     0.913064E-04
  -671.961          0.00000         0.100934E-03     0.127538E-04     0.974948E-04
  -668.683          0.00000         0.106357E-03     0.134563E-04     0.104041E-03
  -665.405          0.00000         0.112035E-03     0.141900E-04     0.110962E-03
  -662.127          0.00000         0.117975E-03     0.149641E-04     0.118275E-03
  -658.849          0.00000         0.124188E-03     0.157906E-04     0.125999E-03
  -655.571          0.00000         0.130682E-03     0.166623E-04     0.134154E-03
  -652.294          0.00000         0.137466E-03     0.175982E-04     0.142760E-03
  -649.016          0.00000         0.144551E-03     0.185579E-04     0.151840E-03
  -645.738          0.00000         0.151948E-03     0.195585E-04     0.161418E-03
  -642.460          0.00000         0.159665E-03     0.206279E-04     0.171519E-03
  -639.182          0.00000         0.167716E-03     0.217167E-04     0.182170E-03
  -635.904          0.00000         0.176110E-03     0.229038E-04     0.193401E-03
  -632.626          0.00000         0.184861E-03     0.241172E-04     0.205244E-03
  -629.349          0.00000         0.193982E-03     0.254342E-04     0.217733E-03
  -626.071          0.00000         0.203485E-03     0.267685E-04     0.230905E-03
  -622.793          0.00000         0.213387E-03     0.281509E-04     0.244800E-03
  -619.515          0.00000         0.223701E-03     0.296018E-04     0.259462E-03
  -616.237          0.00000         0.234446E-03     0.311769E-04     0.274940E-03
  -612.959          0.00000         0.245639E-03     0.328459E-04     0.291285E-03
  -609.681         0.936814E-03     0.257300E-03     0.345585E-04     0.308554E-03
  -606.404         0.950192E-03     0.269449E-03     0.363719E-04     0.326809E-03
  -603.126         0.956991E-03     0.282110E-03     0.382465E-04     0.346117E-03
  -599.848         0.970814E-03     0.295307E-03     0.401485E-04     0.366554E-03
  -596.570         0.984946E-03     0.309068E-03     0.422469E-04     0.388199E-03
  -593.292         0.992130E-03     0.323423E-03     0.444101E-04     0.411140E-03
  -590.014         0.100674E-02     0.338404E-03     0.466937E-04     0.435474E-03
  -586.736         0.101417E-02     0.354047E-03     0.490858E-04     0.461306E-03
  -583.459         0.102929E-02     0.370392E-03     0.515385E-04     0.488750E-03
  -580.181         0.104475E-02     0.387481E-03     0.541715E-04     0.517930E-03
  -576.903         0.105262E-02     0.405363E-03     0.568733E-04     0.548983E-03
  -573.625         0.106863E-02     0.424091E-03     0.596821E-04     0.582055E-03
  -570.347         0.107677E-02     0.443721E-03     0.627304E-04     0.617305E-03
  -567.069         0.109335E-02     0.464317E-03     0.658248E-04     0.654908E-03
  -563.791         0.111032E-02     0.485950E-03     0.691207E-04     0.695050E-03
  -560.514         0.111896E-02     0.508695E-03     0.725989E-04     0.737932E-03
  -557.236         0.113655E-02     0.532639E-03     0.763483E-04     0.783773E-03
  -553.958         0.115457E-02     0.557872E-03     0.802337E-04     0.832806E-03
  -550.680         0.116375E-02     0.584498E-03     0.842207E-04     0.885282E-03
  -547.402         0.118244E-02     0.612626E-03     0.885123E-04     0.941470E-03
  -544.124         0.119195E-02     0.642379E-03     0.929064E-04     0.100166E-02
  -540.846         0.121135E-02     0.673889E-03     0.977023E-04     0.106615E-02
  -537.569         0.123123E-02     0.707300E-03     0.102731E-03     0.113527E-02
  -534.291         0.124136E-02     0.742771E-03     0.108089E-03     0.120937E-02
  -531.013         0.126201E-02     0.780471E-03     0.113716E-03     0.128880E-02
  -527.735         0.127253E-02     0.820587E-03     0.119654E-03     0.137396E-02
  -524.457         0.129399E-02     0.863318E-03     0.125726E-03     0.146525E-02
  -521.179         0.131601E-02     0.908880E-03     0.132430E-03     0.156309E-02
  -517.901         0.132723E-02     0.957507E-03     0.139604E-03     0.166793E-02
  -514.624         0.135013E-02     0.100945E-02     0.147089E-03     0.178023E-02
  -511.346         0.137365E-02     0.106497E-02     0.155120E-03     0.190048E-02
  -508.068         0.138564E-02     0.112437E-02     0.163702E-03     0.202916E-02
  -504.790         0.141012E-02     0.118795E-02     0.172658E-03     0.216682E-02
  -501.512         0.142260E-02     0.125603E-02     0.182223E-03     0.231397E-02
  -498.234         0.144810E-02     0.132896E-02     0.192706E-03     0.247116E-02
  -494.956         0.147430E-02     0.140713E-02     0.204067E-03     0.263898E-02
  -491.679         0.148768E-02     0.149091E-02     0.215893E-03     0.281798E-02
  -488.401         0.151500E-02     0.158072E-02     0.228410E-03     0.300877E-02
  -485.123         0.152896E-02     0.167700E-02     0.242018E-03     0.321194E-02
  -481.845         0.155746E-02     0.178021E-02     0.256666E-03     0.342810E-02
  -478.567         0.158680E-02     0.189083E-02     0.272229E-03     0.365788E-02
  -475.289         0.160179E-02     0.200937E-02     0.288729E-03     0.390190E-02
  -472.011         0.163243E-02     0.213636E-02     0.306224E-03     0.416078E-02
  -468.734         0.166400E-02     0.227235E-02     0.325170E-03     0.443518E-02
  -465.456         0.168013E-02     0.241791E-02     0.345198E-03     0.472572E-02
  -462.178         0.171314E-02     0.257365E-02     0.367103E-03     0.503304E-02
  -458.900         0.173003E-02     0.274019E-02     0.390761E-03     0.535779E-02
  -455.622         0.176458E-02     0.291816E-02     0.416418E-03     0.570062E-02
  -452.344         0.180022E-02     0.310823E-02     0.442972E-03     0.606216E-02
  -449.066         0.181847E-02     0.331110E-02     0.471795E-03     0.644307E-02
  -445.789         0.185584E-02     0.352745E-02     0.503419E-03     0.684398E-02
  -442.511         0.187497E-02     0.375802E-02     0.536387E-03     0.726556E-02
  -439.233         0.191419E-02     0.400355E-02     0.572552E-03     0.770844E-02
  -435.955         0.195471E-02     0.426480E-02     0.610140E-03     0.817329E-02
  -432.677         0.197548E-02     0.454255E-02     0.649809E-03     0.866077E-02
  -429.399         0.201808E-02     0.483759E-02     0.692689E-03     0.917156E-02
  -426.121         0.206216E-02     0.515073E-02     0.739020E-03     0.970635E-02
  -422.844         0.208477E-02     0.548279E-02     0.790103E-03     0.102658E-01
  -419.566         0.213121E-02     0.583461E-02     0.843014E-03     0.108507E-01
  -416.288         0.215506E-02     0.620703E-02     0.900548E-03     0.114618E-01
  -413.010         0.220405E-02     0.660091E-02     0.958593E-03     0.120999E-01
  -409.732         0.225487E-02     0.701711E-02     0.102267E-02     0.127658E-01
  -406.454         0.228100E-02     0.745653E-02     0.109263E-02     0.134603E-01
  -403.176         0.233476E-02     0.792002E-02     0.116299E-02     0.141845E-01
  -399.899         0.236242E-02     0.840851E-02     0.124294E-02     0.149392E-01
  -396.621         0.241938E-02     0.892287E-02     0.132555E-02     0.157257E-01
  -393.343         0.247863E-02     0.946403E-02     0.141375E-02     0.165450E-01
  -390.065         0.250917E-02     0.100329E-01     0.150417E-02     0.173984E-01
  -386.787         0.257215E-02     0.106304E-01     0.160393E-02     0.182872E-01
  -383.509         0.263782E-02     0.112574E-01     0.171063E-02     0.192130E-01
  -380.231         0.267171E-02     0.119150E-01     0.182082E-02     0.201774E-01
  -376.954         0.274175E-02     0.126040E-01     0.193705E-02     0.211821E-01
  -373.676         0.277794E-02     0.133254E-01     0.206486E-02     0.222290E-01
  -370.398         0.285280E-02     0.140803E-01     0.219290E-02     0.233203E-01
  -367.120         0.293116E-02     0.148695E-01     0.233414E-02     0.244582E-01
  -363.842         0.297172E-02     0.156941E-01     0.248055E-02     0.256451E-01
  -360.564         0.305581E-02     0.165552E-01     0.263679E-02     0.268838E-01
  -357.286         0.309940E-02     0.174539E-01     0.280004E-02     0.281771E-01
  -354.009         0.318985E-02     0.183911E-01     0.296832E-02     0.295281E-01
  -350.731         0.328495E-02     0.193681E-01     0.314940E-02     0.309401E-01
  -347.453         0.333436E-02     0.203861E-01     0.334540E-02     0.324168E-01
  -344.175         0.343710E-02     0.214463E-01     0.355284E-02     0.339618E-01
  -340.897         0.354543E-02     0.225500E-01     0.376066E-02     0.355793E-01
  -337.619         0.360183E-02     0.236984E-01     0.399264E-02     0.372733E-01
  -334.341         0.371937E-02     0.248931E-01     0.422250E-02     0.390485E-01
  -331.064         0.378065E-02     0.261356E-01     0.446707E-02     0.409095E-01
  -327.786         0.390852E-02     0.274273E-01     0.472961E-02     0.428609E-01
  -324.508         0.404398E-02     0.287700E-01     0.500192E-02     0.449080E-01
  -321.230         0.411474E-02     0.301653E-01     0.529765E-02     0.470557E-01
  -317.952         0.426273E-02     0.316152E-01     0.559150E-02     0.493091E-01
  -314.674         0.434013E-02     0.331215E-01     0.591142E-02     0.516736E-01
  -311.396         0.450221E-02     0.346863E-01     0.624179E-02     0.541543E-01
  -308.119         0.467463E-02     0.363117E-01     0.658478E-02     0.567563E-01
  -304.841         0.476498E-02     0.379999E-01     0.694576E-02     0.594846E-01
  -301.563         0.495453E-02     0.397533E-01     0.733416E-02     0.623439E-01
  -298.285         0.515667E-02     0.415741E-01     0.774611E-02     0.653387E-01
  -295.007         0.526278E-02     0.434650E-01     0.816898E-02     0.684729E-01
  -291.729         0.548575E-02     0.454284E-01     0.861571E-02     0.717502E-01
  -288.451         0.560289E-02     0.474668E-01     0.908558E-02     0.751733E-01
  -285.174         0.584927E-02     0.495829E-01     0.957782E-02     0.787446E-01
  -281.896         0.611283E-02     0.517792E-01     0.100876E-01     0.824653E-01
  -278.618         0.625149E-02     0.540582E-01     0.106122E-01     0.863358E-01
  -275.340         0.654345E-02     0.564225E-01     0.111629E-01     0.903554E-01
  -272.062         0.669713E-02     0.588742E-01     0.117652E-01     0.945220E-01
  -268.784         0.702093E-02     0.614155E-01     0.123779E-01     0.988324E-01
  -265.506         0.736806E-02     0.640484E-01     0.130490E-01     0.103282    
  -262.229         0.755093E-02     0.667745E-01     0.137044E-01     0.107863    
  -258.951         0.793647E-02     0.695950E-01     0.144078E-01     0.112569    
  -255.673         0.835010E-02     0.725108E-01     0.151131E-01     0.117388    
  -252.395         0.856810E-02     0.755222E-01     0.159151E-01     0.122309    
  -249.117         0.902788E-02     0.786290E-01     0.167393E-01     0.127317    
  -245.839         0.927024E-02     0.818302E-01     0.175849E-01     0.132396    
  -242.561         0.978140E-02     0.851242E-01     0.184768E-01     0.137527    
  -239.284         0.103300E-01     0.885085E-01     0.194060E-01     0.142689    
  -236.006         0.106191E-01     0.919795E-01     0.203712E-01     0.147859    
  -232.728         0.112288E-01     0.955329E-01     0.213575E-01     0.153012    
  -229.450         0.115501E-01     0.991629E-01     0.223907E-01     0.158118    
  -226.172         0.122274E-01     0.102863         0.235365E-01     0.163149    
  -222.894         0.129537E-01     0.106624         0.246689E-01     0.168071    
  -219.616         0.133363E-01     0.110439         0.258096E-01     0.172853    
  -216.339         0.141421E-01     0.114294         0.270674E-01     0.177457    
  -213.061         0.150053E-01     0.118180         0.283523E-01     0.181847    
  -209.783         0.154595E-01     0.122080         0.296478E-01     0.185985    
  -206.505         0.164155E-01     0.125982         0.309015E-01     0.189832    
  -203.227         0.169182E-01     0.129868         0.323323E-01     0.193349    
  -199.949         0.179753E-01     0.133720         0.337924E-01     0.196496    
  -196.671         0.191048E-01     0.137518         0.352998E-01     0.199237    
  -193.394         0.196980E-01     0.141244         0.368201E-01     0.201532    
  -190.116         0.209435E-01     0.144874         0.384098E-01     0.203346    
  -186.838         0.215970E-01     0.148387         0.399851E-01     0.204646    
  -183.560         0.229678E-01     0.151759         0.415892E-01     0.205400    
  -180.282         0.244272E-01     0.154966         0.432525E-01     0.205581    
  -177.004         0.251914E-01     0.157986         0.449415E-01     0.205165    
  -173.726         0.267914E-01     0.160793         0.466683E-01     0.204134    
  -170.449         0.284901E-01     0.163364         0.484459E-01     0.202473    
  -167.171         0.293777E-01     0.165676         0.501907E-01     0.200174    
  -163.893         0.312318E-01     0.167708         0.519727E-01     0.197234    
  -160.615         0.321992E-01     0.169439         0.536792E-01     0.193658    
  -157.337         0.342168E-01     0.170850         0.554249E-01     0.189456    
  -154.059         0.363475E-01     0.171925         0.572056E-01     0.184646    
  -150.781         0.374562E-01     0.172650         0.589978E-01     0.179253    
  -147.504         0.397618E-01     0.173013         0.606849E-01     0.173307    
  -144.226         0.409592E-01     0.173006         0.624267E-01     0.166849    
  -140.948         0.434447E-01     0.172625         0.641473E-01     0.159923    
  -137.670         0.460520E-01     0.171868         0.657826E-01     0.152580    
  -134.392         0.474015E-01     0.170738         0.673784E-01     0.144878    
  -131.114         0.501926E-01     0.169242         0.690274E-01     0.136878    
  -127.836         0.531059E-01     0.167390         0.705440E-01     0.128646    
  -124.559         0.546079E-01     0.165196         0.720282E-01     0.120252    
  -121.281         0.577015E-01     0.162678         0.735133E-01     0.111766    
  -118.003         0.592924E-01     0.159857         0.748592E-01     0.103260    
  -114.725         0.625598E-01     0.156757         0.762429E-01     0.948060E-01
  -111.447         0.659374E-01     0.153405         0.775130E-01     0.864744E-01
  -108.169         0.676657E-01     0.149829         0.787826E-01     0.783325E-01
  -104.891         0.711970E-01     0.146061         0.799948E-01     0.704437E-01
  -101.614         0.729979E-01     0.142129         0.810435E-01     0.628663E-01
  -98.3357         0.766644E-01     0.138067         0.821332E-01     0.556524E-01
  -95.0579         0.804083E-01     0.133903         0.831230E-01     0.488469E-01
  -91.7800         0.823055E-01     0.129667         0.840606E-01     0.424870E-01
  -88.5021         0.861423E-01     0.125386         0.849851E-01     0.366012E-01
  -85.2243         0.900231E-01     0.121083         0.859951E-01     0.312094E-01
  -81.9464         0.919750E-01     0.116778         0.867901E-01     0.263225E-01
  -78.6686         0.958909E-01     0.112489         0.875920E-01     0.219425E-01
  -75.3907         0.978502E-01     0.108227         0.882855E-01     0.180629E-01
  -72.1129         0.101759         0.103999         0.890950E-01     0.146693E-01
  -68.8350         0.105638         0.998084E-01     0.897383E-01     0.117401E-01
  -65.5571         0.107559         0.956526E-01     0.905051E-01     0.924774E-02
  -62.2793         0.111351         0.915250E-01     0.912302E-01     0.715929E-02
  -59.0014         0.113215         0.874148E-01     0.919010E-01     0.543817E-02
  -55.7236         0.116866         0.833077E-01     0.924951E-01     0.404519E-02
  -52.4457         0.120393         0.791866E-01     0.931943E-01     0.293991E-02
  -49.1679         0.122102         0.750323E-01     0.939376E-01     0.208186E-02
  -45.8900         0.125395         0.708246E-01     0.945183E-01     0.143176E-02
  -42.6121         0.128502         0.665431E-01     0.951167E-01     0.952471E-03
  -39.3343         0.129978         0.621685E-01     0.956065E-01     0.609878E-03
  -36.0564         0.132759         0.576834E-01     0.963115E-01     0.373539E-03
  -32.7786         0.134060         0.530731E-01     0.966748E-01     0.217096E-03
  -29.5007         0.136465         0.483267E-01     0.970253E-01     0.118471E-03
  -26.2229         0.138595         0.434376E-01     0.977694E-01     0.598446E-04
  -22.9450         0.139550         0.384041E-01     0.985109E-01     0.274291E-04
  -19.6671         0.141232         0.332292E-01     0.987279E-01     0.110783E-04
  -16.3893         0.141954         0.279215E-01     0.987539E-01     0.376807E-05
  -13.1114         0.143154         0.224942E-01     0.988914E-01     0.100041E-05
  -9.83357         0.144020         0.169652E-01     0.994202E-01     0.179823E-06
  -6.55571         0.144324         0.113563E-01     0.990414E-01     0.158991E-07
  -3.27786         0.144674         0.569218E-02     0.989957E-01     0.249481E-09
   3.27786         0.144674         0.569218E-02     0.989957E-01     0.249481E-09
   6.55571         0.144324         0.113563E-01     0.990414E-01     0.158991E-07
   9.83357         0.144020         0.169652E-01     0.994202E-01     0.179823E-06
   13.1114         0.143154         0.224942E-01     0.988914E-01     0.100041E-05
   16.3893         0.141954         0.279215E-01     0.987539E-01     0.376807E-05
   19.6671         0.141232         0.332292E-01     0.987279E-01     0.110783E-04
   22.9450         0.139550         0.384041E-01     0.985109E-01     0.274291E-04
   26.2229         0.138595         0.434376E-01     0.977694E-01     0.598446E-04
   29.5007         0.136465         0.483267E-01     0.970253E-01     0.118471E-03
   32.7786         0.134060         0.530731E-01     0.966748E-01     0.217096E-03
   36.0564         0.132759         0.576834E-01     0.963115E-01     0.373539E-03
   39.3343         0.129978         0.621685E-01     0.956065E-01     0.609878E-03
   42.6121         0.128502         0.665431E-01     0.951167E-01     0.952471E-03
   45.8900         0.125395         0.708246E-01     0.945183E-01     0.143176E-02
   49.1679         0.122102         0.750323E-01     0.939376E-01     0.208186E-02
   52.4457         0.120393         0.791866E-01     0.931943E-01     0.293991E-02
   55.7236         0.116866         0.833077E-01     0.924951E-01     0.404519E-02
   59.0014         0.113215         0.874148E-01     0.919010E-01     0.543817E-02
   62.2793         0.111351         0.915250E-01     0.912302E-01     0.715929E-02
   65.5571         0.107559         0.956526E-01     0.905051E-01     0.924774E-02
   68.8350         0.105638         0.998084E-01     0.897383E-01     0.117401E-01
   72.1129         0.101759         0.103999         0.890950E-01     0.146693E-01
   75.3907         0.978502E-01     0.108227         0.882855E-01     0.180629E-01
   78.6686         0.958909E-01     0.112489         0.875920E-01     0.219425E-01
   81.9464         0.919750E-01     0.116778         0.867901E-01     0.263225E-01
   85.2243         0.900231E-01     0.121083         0.859951E-01     0.312094E-01
   88.5021         0.861423E-01     0.125386         0.849851E-01     0.366012E-01
   91.7800         0.823055E-01     0.129667         0.840606E-01     0.424870E-01
   95.0579         0.804083E-01     0.133903         0.831230E-01     0.488469E-01
   98.3357         0.766644E-01     0.138067         0.821332E-01     0.556524E-01
   101.614         0.729979E-01     0.142129         0.810435E-01     0.628663E-01
   104.891         0.711970E-01     0.146061         0.799948E-01     0.704437E-01
   108.169         0.676657E-01     0.149829         0.787826E-01     0.783325E-01
   111.447         0.659374E-01     0.153405         0.775130E-01     0.864744E-01
   114.725         0.625598E-01     0.156757         0.762429E-01     0.948060E-01
   118.003         0.592924E-01     0.159857         0.748592E-01     0.103260    
   121.281         0.577015E-01     0.162678         0.735133E-01     0.111766    
   124.559         0.546079E-01     0.165196         0.720282E-01     0.120252    
   127.836         0.531059E-01     0.167390         0.705440E-01     0.128646    
   131.114         0.501926E-01     0.169242         0.690274E-01     0.136878    
   134.392         0.474015E-01     0.170738         0.673784E-01     0.144878    
   137.670         0.460520E-01     0.171868         0.657826E-01     0.152580    
   140.948         0.434447E-01     0.172625         0.641473E-01     0.159923    
   144.226         0.409592E-01     0.173006         0.624267E-01     0.166849    
   147.504         0.397618E-01     0.173013         0.606849E-01     0.173307    
   150.781         0.374562E-01     0.172650         0.589978E-01     0.179253    
   154.059         0.363475E-01     0.171925         0.572056E-01     0.184646    
   157.337         0.342168E-01     0.170850         0.554249E-01     0.189456    
   160.615         0.321992E-01     0.169439         0.536792E-01     0.193658    
   163.893         0.312318E-01     0.167708         0.519727E-01     0.197234    
   167.171         0.293777E-01     0.165676         0.501907E-01     0.200174    
   170.449         0.284901E-01     0.163364         0.484459E-01     0.202473    
   173.726         0.267914E-01     0.160793         0.466683E-01     0.204134    
   177.004         0.251914E-01     0.157986         0.449415E-01     0.205165    
   180.282         0.244272E-01     0.154966         0.432525E-01     0.205581    
   183.560         0.229678E-01     0.151759         0.415892E-01     0.205400    
   186.838         0.215970E-01     0.148387         0.399851E-01     0.204646    
   190.116         0.209435E-01     0.144874         0.384098E-01     0.203346    
   193.394         0.196980E-01     0.141244         0.368201E-01     0.201532    
   196.671         0.191048E-01     0.137518         0.352998E-01     0.199237    
   199.949         0.179753E-01     0.133720         0.337924E-01     0.196496    
   203.227         0.169182E-01     0.129868         0.323323E-01     0.193349    
   206.505         0.164155E-01     0.125982         0.309015E-01     0.189832    
   209.783         0.154595E-01     0.122080         0.296478E-01     0.185985    
   213.061         0.150053E-01     0.118180         0.283523E-01     0.181847    
   216.339         0.141421E-01     0.114294         0.270674E-01     0.177457    
   219.616         0.133363E-01     0.110439         0.258096E-01     0.172853    
   222.894         0.129537E-01     0.106624         0.246689E-01     0.168071    
   226.172         0.122274E-01     0.102863         0.235365E-01     0.163149    
   229.450         0.115501E-01     0.991629E-01     0.223907E-01     0.158118    
   232.728         0.112288E-01     0.955329E-01     0.213575E-01     0.153012    
   236.006         0.106191E-01     0.919795E-01     0.203712E-01     0.147859    
   239.284         0.103300E-01     0.885085E-01     0.194060E-01     0.142689    
   242.561         0.978140E-02     0.851242E-01     0.184768E-01     0.137527    
   245.839         0.927024E-02     0.818302E-01     0.175849E-01     0.132396    
   249.117         0.902788E-02     0.786290E-01     0.167393E-01     0.127317    
   252.395         0.856810E-02     0.755222E-01     0.159151E-01     0.122309    
   255.673         0.835010E-02     0.725108E-01     0.151131E-01     0.117388    
   258.951         0.793647E-02     0.695950E-01     0.144078E-01     0.112569    
   262.229         0.755093E-02     0.667745E-01     0.137044E-01     0.107863    
   265.506         0.736806E-02     0.640484E-01     0.130490E-01     0.103282    
   268.784         0.702093E-02     0.614155E-01     0.123779E-01     0.988324E-01
   272.062         0.669713E-02     0.588742E-01     0.117652E-01     0.945220E-01
   275.340         0.654345E-02     0.564225E-01     0.111629E-01     0.903554E-01
   278.618         0.625149E-02     0.540582E-01     0.106122E-01     0.863358E-01
   281.896         0.611283E-02     0.517792E-01     0.100876E-01     0.824653E-01
   285.174         0.584927E-02     0.495829E-01     0.957782E-02     0.787446E-01
   288.451         0.560289E-02     0.474668E-01     0.908558E-02     0.751733E-01
   291.729         0.548575E-02     0.454284E-01     0.861571E-02     0.717502E-01
   295.007         0.526278E-02     0.434650E-01     0.816898E-02     0.684729E-01
   298.285         0.515667E-02     0.415741E-01     0.774611E-02     0.653387E-01
   301.563         0.495453E-02     0.397533E-01     0.733416E-02     0.623439E-01
   304.841         0.476498E-02     0.379999E-01     0.694576E-02     0.594846E-01
   308.119         0.467463E-02     0.363117E-01     0.658478E-02     0.567563E-01
   311.396         0.450221E-02     0.346863E-01     0.624179E-02     0.541543E-01
   314.674         0.434013E-02     0.331215E-01     0.591142E-02     0.516736E-01
   317.952         0.426273E-02     0.316152E-01     0.559150E-02     0.493091E-01
   321.230         0.411474E-02     0.301653E-01     0.529765E-02     0.470557E-01
   324.508         0.404398E-02     0.287700E-01     0.500192E-02     0.449080E-01
   327.786         0.390852E-02     0.274273E-01     0.472961E-02     0.428609E-01
   331.064         0.378065E-02     0.261356E-01     0.446707E-02     0.409095E-01
   334.341         0.371937E-02     0.248931E-01     0.422250E-02     0.390485E-01
   337.619         0.360183E-02     0.236984E-01     0.399264E-02     0.372733E-01
   340.897         0.354543E-02     0.225500E-01     0.376066E-02     0.355793E-01
   344.175         0.343710E-02     0.214463E-01     0.355284E-02     0.339618E-01
   347.453         0.333436E-02     0.203861E-01     0.334540E-02     0.324168E-01
   350.731         0.328495E-02     0.193681E-01     0.314940E-02     0.309401E-01
   354.009         0.318985E-02     0.183911E-01     0.296832E-02     0.295281E-01
   357.286         0.309940E-02     0.174539E-01     0.280004E-02     0.281771E-01
   360.564         0.305581E-02     0.165552E-01     0.263679E-02     0.268838E-01
   363.842         0.297172E-02     0.156941E-01     0.248055E-02     0.256451E-01
   367.120         0.293116E-02     0.148695E-01     0.233414E-02     0.244582E-01
   370.398         0.285280E-02     0.140803E-01     0.219290E-02     0.233203E-01
   373.676         0.277794E-02     0.133254E-01     0.206486E-02     0.222290E-01
   376.954         0.274175E-02     0.126040E-01     0.193705E-02     0.211821E-01
   380.231         0.267171E-02     0.119150E-01     0.182082E-02     0.201774E-01
   383.509         0.263782E-02     0.112574E-01     0.171063E-02     0.192130E-01
   386.787         0.257215E-02     0.106304E-01     0.160393E-02     0.182872E-01
   390.065         0.250917E-02     0.100329E-01     0.150417E-02     0.173984E-01
   393.343         0.247863E-02     0.946403E-02     0.141375E-02     0.165450E-01
   396.621         0.241938E-02     0.892287E-02     0.132555E-02     0.157257E-01
   399.899         0.236242E-02     0.840851E-02     0.124294E-02     0.149392E-01
   403.176         0.233476E-02     0.792002E-02     0.116299E-02     0.141845E-01
   406.454         0.228100E-02     0.745653E-02     0.109263E-02     0.134603E-01
   409.732         0.225487E-02     0.701711E-02     0.102267E-02     0.127658E-01
   413.010         0.220405E-02     0.660091E-02     0.958593E-03     0.120999E-01
   416.288         0.215506E-02     0.620703E-02     0.900548E-03     0.114618E-01
   419.566         0.213121E-02     0.583461E-02     0.843014E-03     0.108507E-01
   422.844         0.208477E-02     0.548279E-02     0.790103E-03     0.102658E-01
   426.121         0.206216E-02     0.515073E-02     0.739020E-03     0.970635E-02
   429.399         0.201808E-02     0.483759E-02     0.692689E-03     0.917156E-02
   432.677         0.197548E-02     0.454255E-02     0.649809E-03     0.866077E-02
   435.955         0.195471E-02     0.426480E-02     0.610140E-03     0.817329E-02
   439.233         0.191419E-02     0.400355E-02     0.572552E-03     0.770844E-02
   442.511         0.187497E-02     0.375802E-02     0.536387E-03     0.726556E-02
   445.789         0.185584E-02     0.352745E-02     0.503419E-03     0.684398E-02
   449.066         0.181847E-02     0.331110E-02     0.471795E-03     0.644307E-02
   452.344         0.180022E-02     0.310823E-02     0.442972E-03     0.606216E-02
   455.622         0.176458E-02     0.291816E-02     0.416418E-03     0.570062E-02
   458.900         0.173003E-02     0.274019E-02     0.390761E-03     0.535779E-02
   462.178         0.171314E-02     0.257365E-02     0.367103E-03     0.503304E-02
   465.456         0.168013E-02     0.241791E-02     0.345198E-03     0.472572E-02
   468.734         0.166400E-02     0.227235E-02     0.325170E-03     0.443518E-02
   472.011         0.163243E-02     0.213636E-02     0.306224E-03     0.416078E-02
   475.289         0.160179E-02     0.200937E-02     0.288729E-03     0.390190E-02
   478.567         0.158680E-02     0.189083E-02     0.272229E-03     0.365788E-02
   481.845         0.155746E-02     0.178021E-02     0.256666E-03     0.342810E-02
   485.123         0.152896E-02     0.167700E-02     0.242018E-03     0.321194E-02
   488.401         0.151500E-02     0.158072E-02     0.228410E-03     0.300877E-02
   491.679         0.148768E-02     0.149091E-02     0.215893E-03     0.281798E-02
   494.956         0.147430E-02     0.140713E-02     0.204067E-03     0.263898E-02
   498.234         0.144810E-02     0.132896E-02     0.192706E-03     0.247116E-02
   501.512         0.142260E-02     0.125603E-02     0.182223E-03     0.231397E-02
   504.790         0.141012E-02     0.118795E-02     0.172658E-03     0.216682E-02
   508.068         0.138564E-02     0.112437E-02     0.163702E-03     0.202916E-02
   511.346         0.137365E-02     0.106497E-02     0.155120E-03     0.190048E-02
   514.624         0.135013E-02     0.100945E-02     0.147089E-03     0.178023E-02
   517.901         0.132723E-02     0.957507E-03     0.139604E-03     0.166793E-02
   521.179         0.131601E-02     0.908880E-03     0.132430E-03     0.156309E-02
   524.457         0.129399E-02     0.863318E-03     0.125726E-03     0.146525E-02
   527.735         0.127253E-02     0.820587E-03     0.119654E-03     0.137396E-02
   531.013         0.126201E-02     0.780471E-03     0.113716E-03     0.128880E-02
   534.291         0.124136E-02     0.742771E-03     0.108089E-03     0.120937E-02
   537.569         0.123123E-02     0.707300E-03     0.102731E-03     0.113527E-02
   540.846         0.121135E-02     0.673889E-03     0.977023E-04     0.106615E-02
   544.124         0.119195E-02     0.642379E-03     0.929064E-04     0.100166E-02
   547.402         0.118244E-02     0.612626E-03     0.885123E-04     0.941470E-03
   550.680         0.116375E-02     0.584498E-03     0.842207E-04     0.885282E-03
   553.958         0.115457E-02     0.557872E-03     0.802337E-04     0.832806E-03
   557.236         0.113655E-02     0.532639E-03     0.763483E-04     0.783773E-03
   560.514         0.111896E-02     0.508695E-03     0.725989E-04     0.737932E-03
   563.791         0.111032E-02     0.485950E-03     0.691207E-04     0.695050E-03
   567.069         0.109335E-02     0.464317E-03     0.658248E-04     0.654908E-03
   570.347         0.107677E-02     0.443721E-03     0.627304E-04     0.617305E-03
   573.625         0.106863E-02     0.424091E-03     0.596821E-04     0.582055E-03
   576.903         0.105262E-02     0.405363E-03     0.568733E-04     0.548983E-03
   580.181         0.104475E-02     0.387481E-03     0.541715E-04     0.517930E-03
   583.459         0.102929E-02     0.370392E-03     0.515385E-04     0.488750E-03
   586.736         0.101417E-02     0.354047E-03     0.490858E-04     0.461306E-03
   590.014         0.100674E-02     0.338404E-03     0.466937E-04     0.435474E-03
   593.292         0.992130E-03     0.323423E-03     0.444101E-04     0.411140E-03
   596.570         0.984946E-03     0.309068E-03     0.422469E-04     0.388199E-03
   599.848         0.970814E-03     0.295307E-03     0.401485E-04     0.366554E-03
   603.126         0.956991E-03     0.282110E-03     0.382465E-04     0.346117E-03
   606.404         0.950192E-03     0.269449E-03     0.363719E-04     0.326809E-03
   609.681         0.936814E-03     0.257300E-03     0.345585E-04     0.308554E-03
   612.959          0.00000         0.245639E-03     0.328459E-04     0.291285E-03
   616.237          0.00000         0.234446E-03     0.311769E-04     0.274940E-03
   619.515          0.00000         0.223701E-03     0.296018E-04     0.259462E-03
   622.793          0.00000         0.213387E-03     0.281509E-04     0.244800E-03
   626.071          0.00000         0.203485E-03     0.267685E-04     0.230905E-03
   629.349          0.00000         0.193982E-03     0.254342E-04     0.217733E-03
   632.626          0.00000         0.184861E-03     0.241172E-04     0.205244E-03
   635.904          0.00000         0.176110E-03     0.229038E-04     0.193401E-03
   639.182          0.00000         0.167716E-03     0.217167E-04     0.182170E-03
   642.460          0.00000         0.159665E-03     0.206279E-04     0.171519E-03
   645.738          0.00000         0.151948E-03     0.195585E-04     0.161418E-03
   649.016          0.00000         0.144551E-03     0.185579E-04     0.151840E-03
   652.294          0.00000         0.137466E-03     0.175982E-04     0.142760E-03
   655.571          0.00000         0.130682E-03     0.166623E-04     0.134154E-03
   658.849          0.00000         0.124188E-03     0.157906E-04     0.125999E-03
   662.127          0.00000         0.117975E-03     0.149641E-04     0.118275E-03
   665.405          0.00000         0.112035E-03     0.141900E-04     0.110962E-03
   668.683          0.00000         0.106357E-03     0.134563E-04     0.104041E-03
   671.961          0.00000         0.100934E-03     0.127538E-04     0.974948E-04
   675.239          0.00000         0.957567E-04     0.120975E-04     0.913064E-04
   678.516          0.00000         0.908166E-04     0.114613E-04     0.854595E-04
   681.794          0.00000         0.861058E-04     0.108771E-04     0.799388E-04
   685.072          0.00000         0.816161E-04     0.102973E-04     0.747296E-04
   688.350          0.00000         0.773397E-04     0.976129E-05     0.698175E-04
   691.628          0.00000         0.732690E-04     0.924782E-05     0.651888E-04
   694.906          0.00000         0.693964E-04     0.875747E-05     0.608304E-04
   698.184          0.00000         0.657146E-04     0.831534E-05     0.567293E-04
   701.461          0.00000         0.622162E-04     0.788802E-05     0.528733E-04
   704.739          0.00000         0.588943E-04     0.748169E-05     0.492502E-04
   708.017          0.00000         0.557419E-04     0.710259E-05     0.458486E-04
   711.295          0.00000         0.527523E-04     0.673699E-05     0.426571E-04
   714.573          0.00000         0.499188E-04     0.639698E-05     0.396648E-04
   717.851          0.00000         0.472350E-04     0.607315E-05     0.368614E-04
   721.129          0.00000         0.446947E-04     0.577505E-05     0.342365E-04
   724.406          0.00000         0.422917E-04     0.548921E-05     0.317804E-04
   727.684          0.00000         0.400202E-04     0.522938E-05     0.294836E-04
   730.962          0.00000         0.378744E-04     0.496955E-05     0.273372E-04
   734.240          0.00000         0.358488E-04     0.472814E-05     0.253323E-04
   737.518          0.00000         0.339379E-04     0.451948E-05     0.234607E-04
   740.796          0.00000         0.321365E-04     0.430646E-05     0.217144E-04
   744.074          0.00000         0.304395E-04     0.411362E-05     0.200858E-04
   747.351          0.00000         0.288422E-04     0.392588E-05     0.185676E-04
   750.629          0.00000         0.273397E-04     0.375570E-05     0.171531E-04
   753.907          0.00000         0.259276E-04     0.358926E-05     0.158356E-04
   757.185          0.00000         0.246015E-04     0.343570E-05     0.146092E-04
   760.463          0.00000         0.233571E-04     0.329557E-05     0.134678E-04
   763.741          0.00000         0.221905E-04     0.316022E-05     0.124062E-04
   767.019          0.00000         0.210976E-04     0.303757E-05     0.114191E-04
   770.296          0.00000         0.200748E-04     0.291259E-05     0.105017E-04
   773.574          0.00000         0.191184E-04     0.280004E-05     0.964957E-05
   776.852          0.00000         0.182250E-04     0.270193E-05     0.885834E-05
   780.130          0.00000         0.173911E-04     0.260424E-05     0.812410E-05
   783.408          0.00000         0.166136E-04     0.250817E-05     0.744312E-05
   786.686          0.00000         0.158894E-04     0.242561E-05     0.681193E-05
   789.964          0.00000         0.152155E-04     0.234366E-05     0.622729E-05
   793.241          0.00000         0.145891E-04     0.226284E-05     0.568615E-05
   796.519          0.00000         0.140074E-04     0.219677E-05     0.518567E-05
   799.797          0.00000         0.134678E-04     0.213105E-05     0.472320E-05
   803.075          0.00000         0.129677E-04     0.206300E-05     0.429624E-05
   806.353          0.00000         0.125048E-04     0.200845E-05     0.390245E-05
   809.631          0.00000         0.120767E-04     0.194802E-05     0.353964E-05
   812.909          0.00000         0.116812E-04     0.189515E-05     0.320576E-05
   816.186          0.00000         0.113162E-04     0.185012E-05     0.289886E-05
   819.464          0.00000         0.109796E-04     0.179837E-05     0.261713E-05
   822.742          0.00000         0.106696E-04     0.175489E-05     0.235886E-05
   826.020          0.00000         0.103843E-04     0.170843E-05     0.212242E-05
   829.298          0.00000         0.101219E-04     0.166436E-05     0.190629E-05
   832.576          0.00000         0.988071E-05     0.163171E-05     0.170904E-05
   835.854          0.00000         0.965923E-05     0.159118E-05     0.152932E-05
   839.131          0.00000         0.945593E-05     0.155749E-05     0.136585E-05
   842.409          0.00000         0.926938E-05     0.151990E-05     0.121743E-05
   845.687          0.00000         0.909824E-05     0.149386E-05     0.108293E-05
   848.965          0.00000         0.894125E-05     0.145926E-05     0.961291E-06
   852.243          0.00000         0.879721E-05     0.142599E-05     0.851506E-06
   855.521          0.00000         0.866499E-05     0.139395E-05     0.752642E-06
   858.799          0.00000         0.854354E-05     0.136724E-05     0.663819E-06
   862.076          0.00000         0.843188E-05     0.133717E-05     0.584217E-06
   865.354          0.00000         0.832907E-05     0.130741E-05     0.513066E-06
   868.632          0.00000         0.823425E-05     0.127864E-05     0.449652E-06
   871.910          0.00000         0.814662E-05     0.125066E-05     0.393307E-06
   875.188          0.00000         0.806541E-05     0.123221E-05     0.343412E-06
   878.466          0.00000         0.798994E-05     0.120550E-05     0.299391E-06
   881.744          0.00000         0.791955E-05     0.117903E-05     0.260711E-06
   885.021          0.00000         0.785363E-05     0.115318E-05     0.226877E-06
   888.299          0.00000         0.779164E-05     0.112759E-05     0.197434E-06
   891.577          0.00000         0.773306E-05     0.110258E-05     0.171959E-06
   894.855          0.00000         0.767742E-05     0.106876E-05     0.150062E-06
   898.133          0.00000         0.762428E-05     0.104426E-05     0.131386E-06
   901.411          0.00000         0.757324E-05     0.102023E-05     0.115598E-06
   904.689          0.00000         0.752393E-05     0.996461E-06     0.102394E-06
   907.966          0.00000         0.747604E-05     0.972854E-06     0.914935E-07
   911.244          0.00000         0.742924E-05     0.945035E-06     0.826371E-07
   914.522          0.00000         0.738328E-05     0.921899E-06     0.755872E-07
   917.800          0.00000         0.733791E-05     0.889837E-06     0.701248E-07
   921.078          0.00000         0.729290E-05     0.867156E-06     0.660488E-07
   924.356          0.00000         0.724806E-05     0.840022E-06     0.631743E-07
   927.634          0.00000         0.720322E-05     0.808814E-06     0.613316E-07
   930.911          0.00000         0.715822E-05     0.786930E-06     0.603652E-07
   934.189          0.00000         0.711294E-05     0.760620E-06     0.601331E-07
   937.467          0.00000         0.706726E-05     0.729800E-06     0.605056E-07
   940.745          0.00000         0.702108E-05     0.704037E-06     0.613648E-07
   944.023          0.00000         0.697434E-05     0.673798E-06     0.626042E-07
   947.301          0.00000         0.692696E-05     0.639175E-06     0.641277E-07
   950.579          0.00000         0.687889E-05     0.613952E-06     0.658493E-07
   953.856          0.00000         0.683011E-05     0.579816E-06     0.676928E-07
   957.134          0.00000         0.678060E-05     0.550598E-06     0.695909E-07
   960.412          0.00000         0.673033E-05     0.517210E-06     0.714853E-07
   963.690          0.00000         0.667930E-05     0.479417E-06     0.733258E-07
   966.968          0.00000         0.662754E-05     0.446563E-06     0.750699E-07
   970.246          0.00000         0.657505E-05     0.404917E-06     0.766826E-07
   973.524          0.00000         0.652185E-05     0.359140E-06     0.781357E-07
   976.801          0.00000         0.646799E-05     0.313856E-06     0.794075E-07
   980.079          0.00000         0.641349E-05     0.264518E-06     0.804819E-07
   983.357          0.00000         0.635840E-05     0.206713E-06     0.813485E-07
   986.635          0.00000         0.630277E-05     0.113017E-06     0.820013E-07
