  -500.00000000000006        6.5451065654366867E-009
  -495.00000000000011        7.4397746401905355E-009
  -490.00000000000011        9.5280960486198833E-009
  -485.00000000000006        1.3305145069305669E-008
  -480.00000000000006        1.9403631116610359E-008
  -475.00000000000006        2.8622845226417635E-008
  -470.00000000000006        4.1962056960544832E-008
  -465.00000000000000        6.0658721724045174E-008
  -460.00000000000011        8.6231818662080553E-008
  -455.00000000000006        1.2053057992663418E-007
  -450.00000000000006        1.6578879005926100E-007
  -445.00000000000006        2.2468472633289381E-007
  -440.00000000000006        3.0040667396951595E-007
  -435.00000000000000        3.9672378120175189E-007
  -430.00000000000011        5.1806181550276343E-007
  -425.00000000000011        6.6958314182628133E-007
  -420.00000000000006        8.5726996499513817E-007
  -415.00000000000006        1.0880095610999091E-006
  -410.00000000000006        1.3696798678986964E-006
  -405.00000000000006        1.7112334143854014E-006
  -400.00000000000011        2.1227771495764710E-006
  -395.00000000000011        2.6156452872064618E-006
  -390.00000000000006        3.2024618262507125E-006
  -385.00000000000006        3.8971889500020537E-006
  -380.00000000000006        4.7151570653461322E-006
  -375.00000000000006        5.6730718393153325E-006
  -370.00000000000006        6.7889932465346446E-006
  -365.00000000000006        8.0822813877780006E-006
  -360.00000000000006        9.5735037100149722E-006
  -355.00000000000006        1.1284298290017072E-005
  -350.00000000000006        1.3237188079082570E-005
  -345.00000000000006        1.5455341491885710E-005
  -340.00000000000006        1.7962275507238708E-005
  -335.00000000000006        2.0781498584288709E-005
  -330.00000000000006        2.3936092236874797E-005
  -325.00000000000006        2.7448232103097882E-005
  -320.00000000000006        3.1338651845186793E-005
  -315.00000000000006        3.5626056259229609E-005
  -310.00000000000006        4.0326493598917253E-005
  -305.00000000000006        4.5452701342755225E-005
  -300.00000000000006        5.1013444463410359E-005
  -295.00000000000006        5.7012870671625640E-005
  -290.00000000000006        6.3449913057972391E-005
  -285.00000000000006        7.0317776961923250E-005
  -280.00000000000000        7.7603554636962845E-005
  -275.00000000000006        8.5288018183007821E-005
  -270.00000000000006        9.3345648059621898E-005
  -265.00000000000000        1.0174496099143914E-004
  -260.00000000000006        1.1044920688101945E-004
  -255.00000000000003        1.1941750903393276E-004
  -250.00000000000003        1.2860652508320947E-004
  -245.00000000000006        1.3797270690944218E-004
  -240.00000000000003        1.4747523595314146E-004
  -235.00000000000003        1.5707970490980717E-004
  -230.00000000000006        1.6676260713915331E-004
  -225.00000000000003        1.7651668043274681E-004
  -220.00000000000003        1.8635713129302271E-004
  -215.00000000000006        1.9632873884227247E-004
  -210.00000000000003        2.0651380324933314E-004
  -205.00000000000003        2.1704086162718499E-004
  -200.00000000000006        2.2809404442925208E-004
  -195.00000000000003        2.3992288747533709E-004
  -190.00000000000003        2.5285234929572345E-004
  -185.00000000000003        2.6729271143670791E-004
  -180.00000000000003        2.8374896230031512E-004
  -175.00000000000003        3.0282918532754455E-004
  -170.00000000000003        3.2525139307900677E-004
  -165.00000000000003        3.5184817418410262E-004
  -160.00000000000003        3.8356845541216049E-004
  -155.00000000000003        4.2147563249696527E-004
  -150.00000000000003        4.6674129802683895E-004
  -145.00000000000003        5.2063380071710357E-004
  -140.00000000000000        5.8450091625757985E-004
  -135.00000000000003        6.5974600430719870E-004
  -130.00000000000003        7.4779717719431859E-004
  -125.00000000000001        8.5006922024870237E-004
  -120.00000000000001        9.6791828590157771E-004
  -115.00000000000003        1.1025897347577804E-003
  -110.00000000000001        1.2551599131005104E-003
  -105.00000000000001        1.4264731281507781E-003
  -100.00000000000003        1.6170755932716568E-003
  -95.000000000000014        1.8271486407883978E-003
  -90.000000000000014        2.0564440077477826E-003
  -85.000000000000014        2.3042244497850865E-003
  -80.000000000000014        2.5692132842777414E-003
  -75.000000000000014        2.8495566567099686E-003
  -70.000000000000000        3.1428023146742022E-003
  -65.000000000000014        3.4458984186690514E-003
  -60.000000000000007        3.7552153855970392E-003
  -55.000000000000007        4.0665929348886708E-003
  -50.000000000000014        4.3754133970405678E-003
  -45.000000000000007        4.6767009863888636E-003
  -40.000000000000007        4.9652452004502728E-003
  -35.000000000000000        5.2357448824354490E-003
  -30.000000000000004        5.4829678910040015E-003
  -25.000000000000007        5.7019198967399936E-003
  -20.000000000000004        5.8880147058535271E-003
  -15.000000000000002        6.0372378240028703E-003
  -10.000000000000002        6.1462948151282714E-003
  -5.0000000000000009        6.2127364384231016E-003
   0.0000000000000000        6.2350535656218852E-003
   5.0000000000000009        6.2127364384231016E-003
   10.000000000000002        6.1462948151282714E-003
   15.000000000000002        6.0372378240028703E-003
   20.000000000000004        5.8880147058535271E-003
   25.000000000000007        5.7019198967399936E-003
   30.000000000000004        5.4829678910040015E-003
   35.000000000000000        5.2357448824354490E-003
   40.000000000000007        4.9652452004502728E-003
   45.000000000000007        4.6767009863888636E-003
   50.000000000000014        4.3754133970405678E-003
   55.000000000000007        4.0665929348886708E-003
   60.000000000000007        3.7552153855970392E-003
   65.000000000000014        3.4458984186690514E-003
   70.000000000000000        3.1428023146742022E-003
   75.000000000000014        2.8495566567099686E-003
   80.000000000000014        2.5692132842777414E-003
   85.000000000000014        2.3042244497850865E-003
   90.000000000000014        2.0564440077477826E-003
   95.000000000000014        1.8271486407883978E-003
   100.00000000000003        1.6170755932716568E-003
   105.00000000000001        1.4264731281507781E-003
   110.00000000000001        1.2551599131005104E-003
   115.00000000000003        1.1025897347577804E-003
   120.00000000000001        9.6791828590157771E-004
   125.00000000000001        8.5006922024870237E-004
   130.00000000000003        7.4779717719431859E-004
   135.00000000000003        6.5974600430719870E-004
   140.00000000000000        5.8450091625757985E-004
   145.00000000000003        5.2063380071710357E-004
   150.00000000000003        4.6674129802683895E-004
   155.00000000000003        4.2147563249696527E-004
   160.00000000000003        3.8356845541216049E-004
   165.00000000000003        3.5184817418410262E-004
   170.00000000000003        3.2525139307900677E-004
   175.00000000000003        3.0282918532754455E-004
   180.00000000000003        2.8374896230031512E-004
   185.00000000000003        2.6729271143670791E-004
   190.00000000000003        2.5285234929572345E-004
   195.00000000000003        2.3992288747533709E-004
   200.00000000000006        2.2809404442925208E-004
   205.00000000000003        2.1704086162718499E-004
   210.00000000000003        2.0651380324933314E-004
   215.00000000000006        1.9632873884227247E-004
   220.00000000000003        1.8635713129302271E-004
   225.00000000000003        1.7651668043274681E-004
   230.00000000000006        1.6676260713915331E-004
   235.00000000000003        1.5707970490980717E-004
   240.00000000000003        1.4747523595314146E-004
   245.00000000000006        1.3797270690944218E-004
   250.00000000000003        1.2860652508320947E-004
   255.00000000000003        1.1941750903393276E-004
   260.00000000000006        1.1044920688101945E-004
   265.00000000000000        1.0174496099143914E-004
   270.00000000000006        9.3345648059621898E-005
   275.00000000000006        8.5288018183007821E-005
   280.00000000000000        7.7603554636962845E-005
   285.00000000000006        7.0317776961923250E-005
   290.00000000000006        6.3449913057972391E-005
   295.00000000000006        5.7012870671625640E-005
   300.00000000000006        5.1013444463410359E-005
   305.00000000000006        4.5452701342755225E-005
   310.00000000000006        4.0326493598917253E-005
   315.00000000000006        3.5626056259229609E-005
   320.00000000000006        3.1338651845186793E-005
   325.00000000000006        2.7448232103097882E-005
   330.00000000000006        2.3936092236874797E-005
   335.00000000000006        2.0781498584288709E-005
   340.00000000000006        1.7962275507238708E-005
   345.00000000000006        1.5455341491885710E-005
   350.00000000000006        1.3237188079082570E-005
   355.00000000000006        1.1284298290017072E-005
   360.00000000000006        9.5735037100149722E-006
   365.00000000000006        8.0822813877780006E-006
   370.00000000000006        6.7889932465346446E-006
   375.00000000000006        5.6730718393153325E-006
   380.00000000000006        4.7151570653461322E-006
   385.00000000000006        3.8971889500020537E-006
   390.00000000000006        3.2024618262507125E-006
   395.00000000000011        2.6156452872064618E-006
   400.00000000000011        2.1227771495764710E-006
   405.00000000000006        1.7112334143854014E-006
   410.00000000000006        1.3696798678986964E-006
   415.00000000000006        1.0880095610999091E-006
   420.00000000000006        8.5726996499513817E-007
   425.00000000000011        6.6958314182628133E-007
   430.00000000000011        5.1806181550276343E-007
   435.00000000000000        3.9672378120175189E-007
   440.00000000000006        3.0040667396951595E-007
   445.00000000000006        2.2468472633289381E-007
   450.00000000000006        1.6578879005926100E-007
   455.00000000000006        1.2053057992663418E-007
   460.00000000000011        8.6231818662080553E-008
   465.00000000000000        6.0658721724045174E-008
   470.00000000000006        4.1962056960544832E-008
   475.00000000000006        2.8622845226417635E-008
   480.00000000000006        1.9403631116610359E-008
   485.00000000000006        1.3305145069305669E-008
   490.00000000000011        9.5280960486198833E-009
   495.00000000000011        7.4397746401905355E-009
   500.00000000000006        6.5451065654366867E-009
