  -500.00000000000006        1.0970292718672576E-008
  -495.00000000000011        1.1857982853545754E-008
  -490.00000000000011        1.2847978239731333E-008
  -485.00000000000006        1.4021355387382312E-008
  -480.00000000000006        1.5507994564079206E-008
  -475.00000000000006        1.7505151812532642E-008
  -470.00000000000006        2.0301104926252866E-008
  -465.00000000000000        2.4304901983219027E-008
  -460.00000000000011        3.0083384781110327E-008
  -455.00000000000006        3.8406811201215254E-008
  -450.00000000000006        5.0304557943180644E-008
  -445.00000000000006        6.7132545280430957E-008
  -440.00000000000006        9.0654184726949594E-008
  -435.00000000000000        1.2313680411449991E-007
  -430.00000000000011        1.6746564690565174E-007
  -425.00000000000011        2.2727766691346877E-007
  -420.00000000000006        3.0711743816775295E-007
  -415.00000000000006        4.1261756354282292E-007
  -410.00000000000006        5.5070598490708152E-007
  -405.00000000000006        7.2984256085446778E-007
  -400.00000000000011        9.6028717341691734E-007
  -395.00000000000011        1.2544014395476949E-006
  -390.00000000000006        1.6269858229320457E-006
  -385.00000000000006        2.0956535527044843E-006
  -380.00000000000006        2.6812422436808826E-006
  -375.00000000000006        3.4082634637577245E-006
  -370.00000000000006        4.3053896949252899E-006
  -365.00000000000006        5.4059771729023114E-006
  -360.00000000000006        6.7486219566629419E-006
  -355.00000000000006        8.3777452656752983E-006
  -350.00000000000006        1.0344202625546631E-005
  -345.00000000000006        1.2705909682366765E-005
  -340.00000000000006        1.5528475688058467E-005
  -335.00000000000006        1.8885833635510614E-005
  -330.00000000000006        2.2860853852591247E-005
  -325.00000000000006        2.7545925576149570E-005
  -320.00000000000006        3.3043488658138539E-005
  -315.00000000000006        3.9466495153776580E-005
  -310.00000000000006        4.6938778165302930E-005
  -305.00000000000006        5.5595303035438084E-005
  -300.00000000000006        6.5582273885715211E-005
  -295.00000000000006        7.7057066672606270E-005
  -290.00000000000006        9.0187958497488799E-005
  -285.00000000000006        1.0515362197538886E-004
  -280.00000000000000        1.2214235317304701E-004
  -275.00000000000006        1.4135100210873304E-004
  -270.00000000000006        1.6298357620991768E-004
  -265.00000000000000        1.8724948959836200E-004
  -260.00000000000006        2.1436143476134882E-004
  -255.00000000000003        2.4453285821103067E-004
  -250.00000000000003        2.7797502825541073E-004
  -245.00000000000006        3.1489369110655307E-004
  -240.00000000000003        3.5548532130557416E-004
  -235.00000000000003        3.9993298388021084E-004
  -230.00000000000006        4.4840183874778717E-004
  -225.00000000000003        5.0103433254891660E-004
  -220.00000000000003        5.5794513918400093E-004
  -215.00000000000006        6.1921592757612442E-004
  -210.00000000000003        6.8489005325085778E-004
  -205.00000000000003        7.5496728874654214E-004
  -200.00000000000006        8.2939872607054306E-004
  -195.00000000000003        9.0808200169848103E-004
  -190.00000000000003        9.9085701015392668E-004
  -185.00000000000003        1.0775022850707957E-003
  -180.00000000000003        1.1677322357960330E-003
  -175.00000000000003        1.2611954319292577E-003
  -170.00000000000003        1.3574741265745584E-003
  -165.00000000000003        1.4560852003657262E-003
  -160.00000000000003        1.5564826914623198E-003
  -155.00000000000003        1.6580620507930409E-003
  -150.00000000000003        1.7601662261755894E-003
  -145.00000000000003        1.8620936332343861E-003
  -140.00000000000000        1.9631080153722112E-003
  -135.00000000000003        2.0624501300696000E-003
  -130.00000000000003        2.1593511257563488E-003
  -125.00000000000001        2.2530473943915344E-003
  -120.00000000000001        2.3427966024089403E-003
  -115.00000000000003        2.4278945202726239E-003
  -110.00000000000001        2.5076921926498984E-003
  -105.00000000000001        2.5816129217920416E-003
  -100.00000000000003        2.6491684810967565E-003
  -95.000000000000014        2.7099739390474774E-003
  -90.000000000000014        2.7637604605330610E-003
  -85.000000000000014        2.8103854670169666E-003
  -80.000000000000014        2.8498395821233377E-003
  -75.000000000000014        2.8822498664196100E-003
  -70.000000000000000        2.9078789541441934E-003
  -65.000000000000014        2.9271198429197476E-003
  -60.000000000000007        2.9404862505006926E-003
  -55.000000000000007        2.9485986336323824E-003
  -50.000000000000014        2.9521661546407100E-003
  -45.000000000000007        2.9519650715699127E-003
  -40.000000000000007        2.9488142069651513E-003
  -35.000000000000000        2.9435483081869085E-003
  -30.000000000000004        2.9369902386558841E-003
  -25.000000000000007        2.9299230263791407E-003
  -20.000000000000004        2.9230628373460165E-003
  -15.000000000000002        2.9170339333244913E-003
  -10.000000000000002        2.9123466154654899E-003
  -5.0000000000000009        2.9093790490005143E-003
   0.0000000000000000        2.9083637149289088E-003
   5.0000000000000009        2.9093790490005143E-003
   10.000000000000002        2.9123466154654899E-003
   15.000000000000002        2.9170339333244913E-003
   20.000000000000004        2.9230628373460165E-003
   25.000000000000007        2.9299230263791407E-003
   30.000000000000004        2.9369902386558841E-003
   35.000000000000000        2.9435483081869085E-003
   40.000000000000007        2.9488142069651513E-003
   45.000000000000007        2.9519650715699127E-003
   50.000000000000014        2.9521661546407100E-003
   55.000000000000007        2.9485986336323824E-003
   60.000000000000007        2.9404862505006926E-003
   65.000000000000014        2.9271198429197476E-003
   70.000000000000000        2.9078789541441934E-003
   75.000000000000014        2.8822498664196100E-003
   80.000000000000014        2.8498395821233377E-003
   85.000000000000014        2.8103854670169666E-003
   90.000000000000014        2.7637604605330610E-003
   95.000000000000014        2.7099739390474774E-003
   100.00000000000003        2.6491684810967565E-003
   105.00000000000001        2.5816129217920416E-003
   110.00000000000001        2.5076921926498984E-003
   115.00000000000003        2.4278945202726239E-003
   120.00000000000001        2.3427966024089403E-003
   125.00000000000001        2.2530473943915344E-003
   130.00000000000003        2.1593511257563488E-003
   135.00000000000003        2.0624501300696000E-003
   140.00000000000000        1.9631080153722112E-003
   145.00000000000003        1.8620936332343861E-003
   150.00000000000003        1.7601662261755894E-003
   155.00000000000003        1.6580620507930409E-003
   160.00000000000003        1.5564826914623198E-003
   165.00000000000003        1.4560852003657262E-003
   170.00000000000003        1.3574741265745584E-003
   175.00000000000003        1.2611954319292577E-003
   180.00000000000003        1.1677322357960330E-003
   185.00000000000003        1.0775022850707957E-003
   190.00000000000003        9.9085701015392668E-004
   195.00000000000003        9.0808200169848103E-004
   200.00000000000006        8.2939872607054306E-004
   205.00000000000003        7.5496728874654214E-004
   210.00000000000003        6.8489005325085778E-004
   215.00000000000006        6.1921592757612442E-004
   220.00000000000003        5.5794513918400093E-004
   225.00000000000003        5.0103433254891660E-004
   230.00000000000006        4.4840183874778717E-004
   235.00000000000003        3.9993298388021084E-004
   240.00000000000003        3.5548532130557416E-004
   245.00000000000006        3.1489369110655307E-004
   250.00000000000003        2.7797502825541073E-004
   255.00000000000003        2.4453285821103067E-004
   260.00000000000006        2.1436143476134882E-004
   265.00000000000000        1.8724948959836200E-004
   270.00000000000006        1.6298357620991768E-004
   275.00000000000006        1.4135100210873304E-004
   280.00000000000000        1.2214235317304701E-004
   285.00000000000006        1.0515362197538886E-004
   290.00000000000006        9.0187958497488799E-005
   295.00000000000006        7.7057066672606270E-005
   300.00000000000006        6.5582273885715211E-005
   305.00000000000006        5.5595303035438084E-005
   310.00000000000006        4.6938778165302930E-005
   315.00000000000006        3.9466495153776580E-005
   320.00000000000006        3.3043488658138539E-005
   325.00000000000006        2.7545925576149570E-005
   330.00000000000006        2.2860853852591247E-005
   335.00000000000006        1.8885833635510614E-005
   340.00000000000006        1.5528475688058467E-005
   345.00000000000006        1.2705909682366765E-005
   350.00000000000006        1.0344202625546631E-005
   355.00000000000006        8.3777452656752983E-006
   360.00000000000006        6.7486219566629419E-006
   365.00000000000006        5.4059771729023114E-006
   370.00000000000006        4.3053896949252899E-006
   375.00000000000006        3.4082634637577245E-006
   380.00000000000006        2.6812422436808826E-006
   385.00000000000006        2.0956535527044843E-006
   390.00000000000006        1.6269858229320457E-006
   395.00000000000011        1.2544014395476949E-006
   400.00000000000011        9.6028717341691734E-007
   405.00000000000006        7.2984256085446778E-007
   410.00000000000006        5.5070598490708152E-007
   415.00000000000006        4.1261756354282292E-007
   420.00000000000006        3.0711743816775295E-007
   425.00000000000011        2.2727766691346877E-007
   430.00000000000011        1.6746564690565174E-007
   435.00000000000000        1.2313680411449991E-007
   440.00000000000006        9.0654184726949594E-008
   445.00000000000006        6.7132545280430957E-008
   450.00000000000006        5.0304557943180644E-008
   455.00000000000006        3.8406811201215254E-008
   460.00000000000011        3.0083384781110327E-008
   465.00000000000000        2.4304901983219027E-008
   470.00000000000006        2.0301104926252866E-008
   475.00000000000006        1.7505151812532642E-008
   480.00000000000006        1.5507994564079206E-008
   485.00000000000006        1.4021355387382312E-008
   490.00000000000011        1.2847978239731333E-008
   495.00000000000011        1.1857982853545754E-008
   500.00000000000006        1.0970292718672576E-008
