  -500.00000000000006        4.3585622625606696E-009
  -495.00000000000011        4.8824914323627985E-009
  -490.00000000000011        5.4947771428018841E-009
  -485.00000000000006        6.1998058927907060E-009
  -480.00000000000006        6.9997768481146079E-009
  -475.00000000000006        7.8941323573228276E-009
  -470.00000000000006        8.8790609449673819E-009
  -465.00000000000000        9.9471764442575654E-009
  -460.00000000000011        1.1087519551407732E-008
  -455.00000000000006        1.2286081548768241E-008
  -450.00000000000006        1.3527116032131682E-008
  -445.00000000000006        1.4795585088415416E-008
  -440.00000000000006        1.6081183486258976E-008
  -435.00000000000000        1.7384500080177786E-008
  -430.00000000000011        1.8726011770384772E-008
  -425.00000000000011        2.0158763865101797E-008
  -420.00000000000006        2.1785773191133171E-008
  -415.00000000000006        2.3783398064031872E-008
  -410.00000000000006        2.6432153023027855E-008
  -405.00000000000006        3.0156706133474150E-008
  -400.00000000000011        3.5577081851931025E-008
  -395.00000000000011        4.3573401023083786E-008
  -390.00000000000006        5.5366818277256387E-008
  -385.00000000000006        7.2619661068514429E-008
  -380.00000000000006        9.7558127119271348E-008
  -375.00000000000006        1.3312124926877829E-007
  -370.00000000000006        1.8314017741377511E-007
  -365.00000000000006        2.5255214248813869E-007
  -360.00000000000006        3.4765374049688470E-007
  -355.00000000000006        4.7639838570009933E-007
  -350.00000000000006        6.4874290818371799E-007
  -345.00000000000006        8.7704828612853710E-007
  -340.00000000000006        1.1765393778738624E-006
  -335.00000000000006        1.5658282212725465E-006
  -330.00000000000006        2.0675049632674837E-006
  -325.00000000000006        2.7087997346001054E-006
  -320.00000000000006        3.5223177555110978E-006
  -315.00000000000006        4.5468486106095547E-006
  -310.00000000000006        5.8282489285019212E-006
  -305.00000000000006        7.4203956110167632E-006
  -300.00000000000006        9.3862042496667925E-006
  -295.00000000000006        1.1798704422424984E-005
  -290.00000000000006        1.4742160171033523E-005
  -285.00000000000006        1.8313220120008503E-005
  -280.00000000000000        2.2622077431630130E-005
  -275.00000000000006        2.7793615134707599E-005
  -270.00000000000006        3.3968507380419123E-005
  -265.00000000000000        4.1304241954811773E-005
  -260.00000000000006        4.9976024034017422E-005
  -255.00000000000003        6.0177515858161197E-005
  -250.00000000000003        7.2121361913020287E-005
  -245.00000000000006        8.6039444572642650E-005
  -240.00000000000003        1.0218281123792686E-004
  -235.00000000000003        1.2082121110972649E-004
  -230.00000000000006        1.4224217819882801E-004
  -225.00000000000003        1.6674959736615364E-004
  -220.00000000000003        1.9466169249144537E-004
  -215.00000000000006        2.2630838068148274E-004
  -210.00000000000003        2.6202794413433312E-004
  -205.00000000000003        3.0216298222904205E-004
  -200.00000000000006        3.4705562090987151E-004
  -195.00000000000003        3.9704197469454702E-004
  -190.00000000000003        4.5244587875113869E-004
  -185.00000000000003        5.1357193439495431E-004
  -180.00000000000003        5.8069794079469413E-004
  -175.00000000000003        6.5406681814858623E-004
  -170.00000000000003        7.3387816232454756E-004
  -165.00000000000003        8.2027960687646459E-004
  -160.00000000000003        9.1335820404917878E-004
  -155.00000000000003        1.0131320701358216E-003
  -150.00000000000003        1.1195425703090750E-003
  -145.00000000000003        1.2324473415031580E-003
  -140.00000000000000        1.3516144665793731E-003
  -135.00000000000003        1.4767181162995745E-003
  -130.00000000000003        1.6073359650841024E-003
  -125.00000000000001        1.7429486599576246E-003
  -120.00000000000001        1.8829415778283710E-003
  -115.00000000000003        2.0266090434281135E-003
  -110.00000000000001        2.1731610990421298E-003
  -105.00000000000001        2.3217328190660328E-003
  -100.00000000000003        2.4713960504373763E-003
  -95.000000000000014        2.6211733387344117E-003
  -90.000000000000014        2.7700536754739044E-003
  -85.000000000000014        2.9170095826073846E-003
  -80.000000000000014        3.0610149442675877E-003
  -75.000000000000014        3.2010629128841951E-003
  -70.000000000000000        3.3361831661328986E-003
  -65.000000000000014        3.4654577809962255E-003
  -60.000000000000007        3.5880350276309998E-003
  -55.000000000000007        3.7031404718475486E-003
  -50.000000000000014        3.8100849100092733E-003
  -45.000000000000007        3.9082688387892372E-003
  -40.000000000000007        3.9971833745521207E-003
  -35.000000000000000        4.0764077689195858E-003
  -30.000000000000004        4.1456039006329730E-003
  -25.000000000000007        4.2045083394321092E-003
  -20.000000000000004        4.2529227554343194E-003
  -15.000000000000002        4.2907035694792518E-003
  -10.000000000000002        4.3177517922177019E-003
  -5.0000000000000009        4.3340039743861927E-003
   0.0000000000000000        4.3394250869351501E-003
   5.0000000000000009        4.3340039743861927E-003
   10.000000000000002        4.3177517922177019E-003
   15.000000000000002        4.2907035694792518E-003
   20.000000000000004        4.2529227554343194E-003
   25.000000000000007        4.2045083394321092E-003
   30.000000000000004        4.1456039006329730E-003
   35.000000000000000        4.0764077689195858E-003
   40.000000000000007        3.9971833745521207E-003
   45.000000000000007        3.9082688387892372E-003
   50.000000000000014        3.8100849100092733E-003
   55.000000000000007        3.7031404718475486E-003
   60.000000000000007        3.5880350276309998E-003
   65.000000000000014        3.4654577809962255E-003
   70.000000000000000        3.3361831661328986E-003
   75.000000000000014        3.2010629128841951E-003
   80.000000000000014        3.0610149442675877E-003
   85.000000000000014        2.9170095826073846E-003
   90.000000000000014        2.7700536754739044E-003
   95.000000000000014        2.6211733387344117E-003
   100.00000000000003        2.4713960504373763E-003
   105.00000000000001        2.3217328190660328E-003
   110.00000000000001        2.1731610990421298E-003
   115.00000000000003        2.0266090434281135E-003
   120.00000000000001        1.8829415778283710E-003
   125.00000000000001        1.7429486599576246E-003
   130.00000000000003        1.6073359650841024E-003
   135.00000000000003        1.4767181162995745E-003
   140.00000000000000        1.3516144665793731E-003
   145.00000000000003        1.2324473415031580E-003
   150.00000000000003        1.1195425703090750E-003
   155.00000000000003        1.0131320701358216E-003
   160.00000000000003        9.1335820404917878E-004
   165.00000000000003        8.2027960687646459E-004
   170.00000000000003        7.3387816232454756E-004
   175.00000000000003        6.5406681814858623E-004
   180.00000000000003        5.8069794079469413E-004
   185.00000000000003        5.1357193439495431E-004
   190.00000000000003        4.5244587875113869E-004
   195.00000000000003        3.9704197469454702E-004
   200.00000000000006        3.4705562090987151E-004
   205.00000000000003        3.0216298222904205E-004
   210.00000000000003        2.6202794413433312E-004
   215.00000000000006        2.2630838068148274E-004
   220.00000000000003        1.9466169249144537E-004
   225.00000000000003        1.6674959736615364E-004
   230.00000000000006        1.4224217819882801E-004
   235.00000000000003        1.2082121110972649E-004
   240.00000000000003        1.0218281123792686E-004
   245.00000000000006        8.6039444572642650E-005
   250.00000000000003        7.2121361913020287E-005
   255.00000000000003        6.0177515858161197E-005
   260.00000000000006        4.9976024034017422E-005
   265.00000000000000        4.1304241954811773E-005
   270.00000000000006        3.3968507380419123E-005
   275.00000000000006        2.7793615134707599E-005
   280.00000000000000        2.2622077431630130E-005
   285.00000000000006        1.8313220120008503E-005
   290.00000000000006        1.4742160171033523E-005
   295.00000000000006        1.1798704422424984E-005
   300.00000000000006        9.3862042496667925E-006
   305.00000000000006        7.4203956110167632E-006
   310.00000000000006        5.8282489285019212E-006
   315.00000000000006        4.5468486106095547E-006
   320.00000000000006        3.5223177555110978E-006
   325.00000000000006        2.7087997346001054E-006
   330.00000000000006        2.0675049632674837E-006
   335.00000000000006        1.5658282212725465E-006
   340.00000000000006        1.1765393778738624E-006
   345.00000000000006        8.7704828612853710E-007
   350.00000000000006        6.4874290818371799E-007
   355.00000000000006        4.7639838570009933E-007
   360.00000000000006        3.4765374049688470E-007
   365.00000000000006        2.5255214248813869E-007
   370.00000000000006        1.8314017741377511E-007
   375.00000000000006        1.3312124926877829E-007
   380.00000000000006        9.7558127119271348E-008
   385.00000000000006        7.2619661068514429E-008
   390.00000000000006        5.5366818277256387E-008
   395.00000000000011        4.3573401023083786E-008
   400.00000000000011        3.5577081851931025E-008
   405.00000000000006        3.0156706133474150E-008
   410.00000000000006        2.6432153023027855E-008
   415.00000000000006        2.3783398064031872E-008
   420.00000000000006        2.1785773191133171E-008
   425.00000000000011        2.0158763865101797E-008
   430.00000000000011        1.8726011770384772E-008
   435.00000000000000        1.7384500080177786E-008
   440.00000000000006        1.6081183486258976E-008
   445.00000000000006        1.4795585088415416E-008
   450.00000000000006        1.3527116032131682E-008
   455.00000000000006        1.2286081548768241E-008
   460.00000000000011        1.1087519551407732E-008
   465.00000000000000        9.9471764442575654E-009
   470.00000000000006        8.8790609449673819E-009
   475.00000000000006        7.8941323573228276E-009
   480.00000000000006        6.9997768481146079E-009
   485.00000000000006        6.1998058927907060E-009
   490.00000000000011        5.4947771428018841E-009
   495.00000000000011        4.8824914323627985E-009
   500.00000000000006        4.3585622625606696E-009
