  -500.00000000000006        3.6986386263039439E-009
  -495.00000000000011        4.1473225922023190E-009
  -490.00000000000011        4.6929368984137844E-009
  -485.00000000000006        5.3473504433784505E-009
  -480.00000000000006        6.1217209813270517E-009
  -475.00000000000006        7.0257870605233151E-009
  -470.00000000000006        8.0670494599440365E-009
  -465.00000000000000        9.2498814523078004E-009
  -460.00000000000011        1.0574636327753480E-008
  -455.00000000000006        1.2036859077429780E-008
  -450.00000000000006        1.3626758854298259E-008
  -445.00000000000006        1.5329161903451479E-008
  -440.00000000000006        1.7124243380444520E-008
  -435.00000000000000        1.8989433304672386E-008
  -430.00000000000011        2.0903009383268811E-008
  -425.00000000000011        2.2850030182831475E-008
  -420.00000000000006        2.4831428658940507E-008
  -415.00000000000006        2.6877280741346224E-008
  -410.00000000000006        2.9065488564644460E-008
  -405.00000000000006        3.1547374592600136E-008
  -400.00000000000011        3.4581972185604251E-008
  -395.00000000000011        3.8581120067277099E-008
  -390.00000000000006        4.4167821449015740E-008
  -385.00000000000006        5.2250710606135344E-008
  -380.00000000000006        6.4117876039485743E-008
  -375.00000000000006        8.1553713485704039E-008
  -370.00000000000006        1.0698291501265537E-007
  -365.00000000000006        1.4364613053769364E-007
  -360.00000000000006        1.9581225051275519E-007
  -355.00000000000006        2.6903263499219544E-007
  -350.00000000000006        3.7044293290896156E-007
  -345.00000000000006        5.0911837030913003E-007
  -340.00000000000006        6.9648850769577430E-007
  -335.00000000000006        9.4681744065576447E-007
  -330.00000000000006        1.2777552068640998E-006
  -325.00000000000006        1.7109657251236154E-006
  -320.00000000000006        2.2728358840758825E-006
  -315.00000000000006        2.9952693732387304E-006
  -310.00000000000006        3.9165674597073146E-006
  -305.00000000000006        5.0823971132880690E-006
  -300.00000000000006        6.5468446264488983E-006
  -295.00000000000006        8.3735501233122123E-006
  -290.00000000000006        1.0636915071374883E-005
  -285.00000000000006        1.3423371078603067E-005
  -280.00000000000000        1.6832693869029651E-005
  -275.00000000000006        2.0979341392139198E-005
  -270.00000000000006        2.5993789567871977E-005
  -265.00000000000000        3.2023833259963031E-005
  -260.00000000000006        3.9235813797581704E-005
  -255.00000000000003        4.7815727857797846E-005
  -250.00000000000003        5.7970165949733009E-005
  -245.00000000000006        6.9927022321446080E-005
  -240.00000000000003        8.3935912107534549E-005
  -235.00000000000003        1.0026822626475370E-004
  -230.00000000000006        1.1921675067110758E-004
  -225.00000000000003        1.4109477310579932E-004
  -220.00000000000003        1.6623460114115326E-004
  -215.00000000000006        1.9498541575504379E-004
  -210.00000000000003        2.2771039022536583E-004
  -205.00000000000003        2.6478301210953781E-004
  -200.00000000000006        3.0658255833057059E-004
  -195.00000000000003        3.5348869001952508E-004
  -190.00000000000003        4.0587515514060488E-004
  -185.00000000000003        4.6410261324834992E-004
  -180.00000000000003        5.2851062800431028E-004
  -175.00000000000003        5.9940890907464700E-004
  -170.00000000000003        6.7706792519725393E-004
  -165.00000000000003        7.6170905364339187E-004
  -160.00000000000003        8.5349447668967352E-004
  -155.00000000000003        9.5251708129832501E-004
  -150.00000000000003        1.0587906617482293E-003
  -145.00000000000003        1.1722407637846954E-003
  -140.00000000000000        1.2926965398785755E-003
  -135.00000000000003        1.4198840050204603E-003
  -130.00000000000003        1.5534210875949748E-003
  -125.00000000000001        1.6928148568326365E-003
  -120.00000000000001        1.8374612740348214E-003
  -115.00000000000003        1.9866477568317204E-003
  -110.00000000000001        2.1395587628804994E-003
  -105.00000000000001        2.2952844918625900E-003
  -100.00000000000003        2.4528326745064831E-003
  -95.000000000000014        2.6111432689655168E-003
  -90.000000000000014        2.7691057249334778E-003
  -85.000000000000014        2.9255783134867269E-003
  -80.000000000000014        3.0794088670257802E-003
  -75.000000000000014        3.2294561416353136E-003
  -70.000000000000000        3.3746109171355872E-003
  -65.000000000000014        3.5138159009734933E-003
  -60.000000000000007        3.6460835118373083E-003
  -55.000000000000007        3.7705106948954467E-003
  -50.000000000000014        3.8862900652689930E-003
  -45.000000000000007        3.9927168859603505E-003
  -40.000000000000007        4.0891916502980036E-003
  -35.000000000000000        4.1752183395049412E-003
  -30.000000000000004        4.2503987398158048E-003
  -25.000000000000007        4.3144235031280596E-003
  -20.000000000000004        4.3670608914922080E-003
  -15.000000000000002        4.4081443315908773E-003
  -10.000000000000002        4.4375599986098196E-003
  -5.0000000000000009        4.4552356356476848E-003
   0.0000000000000000        4.4611316916193773E-003
   5.0000000000000009        4.4552356356476848E-003
   10.000000000000002        4.4375599986098196E-003
   15.000000000000002        4.4081443315908773E-003
   20.000000000000004        4.3670608914922080E-003
   25.000000000000007        4.3144235031280596E-003
   30.000000000000004        4.2503987398158048E-003
   35.000000000000000        4.1752183395049412E-003
   40.000000000000007        4.0891916502980036E-003
   45.000000000000007        3.9927168859603505E-003
   50.000000000000014        3.8862900652689930E-003
   55.000000000000007        3.7705106948954467E-003
   60.000000000000007        3.6460835118373083E-003
   65.000000000000014        3.5138159009734933E-003
   70.000000000000000        3.3746109171355872E-003
   75.000000000000014        3.2294561416353136E-003
   80.000000000000014        3.0794088670257802E-003
   85.000000000000014        2.9255783134867269E-003
   90.000000000000014        2.7691057249334778E-003
   95.000000000000014        2.6111432689655168E-003
   100.00000000000003        2.4528326745064831E-003
   105.00000000000001        2.2952844918625900E-003
   110.00000000000001        2.1395587628804994E-003
   115.00000000000003        1.9866477568317204E-003
   120.00000000000001        1.8374612740348214E-003
   125.00000000000001        1.6928148568326365E-003
   130.00000000000003        1.5534210875949748E-003
   135.00000000000003        1.4198840050204603E-003
   140.00000000000000        1.2926965398785755E-003
   145.00000000000003        1.1722407637846954E-003
   150.00000000000003        1.0587906617482293E-003
   155.00000000000003        9.5251708129832501E-004
   160.00000000000003        8.5349447668967352E-004
   165.00000000000003        7.6170905364339187E-004
   170.00000000000003        6.7706792519725393E-004
   175.00000000000003        5.9940890907464700E-004
   180.00000000000003        5.2851062800431028E-004
   185.00000000000003        4.6410261324834992E-004
   190.00000000000003        4.0587515514060488E-004
   195.00000000000003        3.5348869001952508E-004
   200.00000000000006        3.0658255833057059E-004
   205.00000000000003        2.6478301210953781E-004
   210.00000000000003        2.2771039022536583E-004
   215.00000000000006        1.9498541575504379E-004
   220.00000000000003        1.6623460114115326E-004
   225.00000000000003        1.4109477310579932E-004
   230.00000000000006        1.1921675067110758E-004
   235.00000000000003        1.0026822626475370E-004
   240.00000000000003        8.3935912107534549E-005
   245.00000000000006        6.9927022321446080E-005
   250.00000000000003        5.7970165949733009E-005
   255.00000000000003        4.7815727857797846E-005
   260.00000000000006        3.9235813797581704E-005
   265.00000000000000        3.2023833259963031E-005
   270.00000000000006        2.5993789567871977E-005
   275.00000000000006        2.0979341392139198E-005
   280.00000000000000        1.6832693869029651E-005
   285.00000000000006        1.3423371078603067E-005
   290.00000000000006        1.0636915071374883E-005
   295.00000000000006        8.3735501233122123E-006
   300.00000000000006        6.5468446264488983E-006
   305.00000000000006        5.0823971132880690E-006
   310.00000000000006        3.9165674597073146E-006
   315.00000000000006        2.9952693732387304E-006
   320.00000000000006        2.2728358840758825E-006
   325.00000000000006        1.7109657251236154E-006
   330.00000000000006        1.2777552068640998E-006
   335.00000000000006        9.4681744065576447E-007
   340.00000000000006        6.9648850769577430E-007
   345.00000000000006        5.0911837030913003E-007
   350.00000000000006        3.7044293290896156E-007
   355.00000000000006        2.6903263499219544E-007
   360.00000000000006        1.9581225051275519E-007
   365.00000000000006        1.4364613053769364E-007
   370.00000000000006        1.0698291501265537E-007
   375.00000000000006        8.1553713485704039E-008
   380.00000000000006        6.4117876039485743E-008
   385.00000000000006        5.2250710606135344E-008
   390.00000000000006        4.4167821449015740E-008
   395.00000000000011        3.8581120067277099E-008
   400.00000000000011        3.4581972185604251E-008
   405.00000000000006        3.1547374592600136E-008
   410.00000000000006        2.9065488564644460E-008
   415.00000000000006        2.6877280741346224E-008
   420.00000000000006        2.4831428658940507E-008
   425.00000000000011        2.2850030182831475E-008
   430.00000000000011        2.0903009383268811E-008
   435.00000000000000        1.8989433304672386E-008
   440.00000000000006        1.7124243380444520E-008
   445.00000000000006        1.5329161903451479E-008
   450.00000000000006        1.3626758854298259E-008
   455.00000000000006        1.2036859077429780E-008
   460.00000000000011        1.0574636327753480E-008
   465.00000000000000        9.2498814523078004E-009
   470.00000000000006        8.0670494599440365E-009
   475.00000000000006        7.0257870605233151E-009
   480.00000000000006        6.1217209813270517E-009
   485.00000000000006        5.3473504433784505E-009
   490.00000000000011        4.6929368984137844E-009
   495.00000000000011        4.1473225922023190E-009
   500.00000000000006        3.6986386263039439E-009
