  -500.00000000000006        3.2697471305362980E-009
  -495.00000000000011        3.6414366835094042E-009
  -490.00000000000011        4.0834790136253130E-009
  -485.00000000000006        4.6017814990388272E-009
  -480.00000000000006        5.2010793755632238E-009
  -475.00000000000006        5.8844227556196416E-009
  -470.00000000000006        6.6526391211191651E-009
  -465.00000000000000        7.5038252982955442E-009
  -460.00000000000011        8.4329513754070249E-009
  -455.00000000000006        9.4316957597398229E-009
  -450.00000000000006        1.0488677198369750E-008
  -445.00000000000006        1.1590307902336180E-008
  -440.00000000000006        1.2722563883440960E-008
  -435.00000000000000        1.3874056353069832E-008
  -430.00000000000011        1.5040893771237714E-008
  -425.00000000000011        1.6233950158242221E-008
  -420.00000000000006        1.7489303865749135E-008
  -415.00000000000006        1.8882784321089079E-008
  -410.00000000000006        2.0549764265549537E-008
  -405.00000000000006        2.2711563311691500E-008
  -400.00000000000011        2.5710086343006397E-008
  -395.00000000000011        3.0052607772305598E-008
  -390.00000000000006        3.6468929456475976E-008
  -385.00000000000006        4.5983484483287986E-008
  -380.00000000000006        6.0005328042984221E-008
  -375.00000000000006        8.0439345424487270E-008
  -370.00000000000006        1.0982240908979664E-007
  -365.00000000000006        1.5148862272570346E-007
  -360.00000000000006        2.0976818846013344E-007
  -355.00000000000006        2.9022480941923656E-007
  -350.00000000000006        3.9993687559394709E-007
  -345.00000000000006        5.4782795516049935E-007
  -340.00000000000006        7.4505230079639800E-007
  -335.00000000000006        1.0054411521066797E-006
  -330.00000000000006        1.3460155380574241E-006
  -325.00000000000006        1.7875710205098414E-006
  -320.00000000000006        2.3553393312020078E-006
  -315.00000000000006        3.0797310963897631E-006
  -310.00000000000006        3.9971627700218482E-006
  -305.00000000000006        5.1509694606171839E-006
  -300.00000000000006        6.5924034917594843E-006
  -295.00000000000006        8.3817162358592347E-006
  -290.00000000000006        1.0589317963938631E-005
  -285.00000000000006        1.3297007125486633E-005
  -280.00000000000000        1.6599256586227368E-005
  -275.00000000000006        2.0604539895318845E-005
  -270.00000000000006        2.5436675631535597E-005
  -265.00000000000000        3.1236162316495514E-005
  -260.00000000000006        3.8161470334627727E-005
  -255.00000000000003        4.6390250848811993E-005
  -250.00000000000003        5.6120414969169044E-005
  -245.00000000000006        6.7571029584787400E-005
  -240.00000000000003        8.0982969516577919E-005
  -235.00000000000003        9.6619259258865140E-005
  -230.00000000000006        1.1476503186879312E-004
  -225.00000000000003        1.3572702791536355E-004
  -220.00000000000003        1.5983255425110505E-004
  -215.00000000000006        1.8742782121094313E-004
  -210.00000000000003        2.1887557821427859E-004
  -205.00000000000003        2.5455197222266858E-004
  -200.00000000000006        2.9484256167933186E-004
  -195.00000000000003        3.4013743101280922E-004
  -190.00000000000003        3.9082536806928216E-004
  -185.00000000000003        4.4728708940690250E-004
  -180.00000000000003        5.0988752656647032E-004
  -175.00000000000003        5.7896722035540005E-004
  -170.00000000000003        6.5483290971006113E-004
  -165.00000000000003        7.3774744635804544E-004
  -160.00000000000003        8.2791921539034487E-004
  -155.00000000000003        9.2549129358336158E-004
  -150.00000000000003        1.0305306299333977E-003
  -145.00000000000003        1.1430175838321294E-003
  -140.00000000000000        1.2628362024602797E-003
  -135.00000000000003        1.3897656565764179E-003
  -130.00000000000003        1.5234732787274684E-003
  -125.00000000000001        1.6635096555183550E-003
  -120.00000000000001        1.8093062114467359E-003
  -115.00000000000003        1.9601756817875945E-003
  -110.00000000000001        2.1153158027768086E-003
  -105.00000000000001        2.2738164469362590E-003
  -100.00000000000003        2.4346702998064018E-003
  -95.000000000000014        2.5967870141463656E-003
  -90.000000000000014        2.7590105943992946E-003
  -85.000000000000014        2.9201395668235759E-003
  -80.000000000000014        3.0789492914543668E-003
  -75.000000000000014        3.2342155862926996E-003
  -70.000000000000000        3.3847386793016991E-003
  -65.000000000000014        3.5293663982222203E-003
  -60.000000000000007        3.6670154691851686E-003
  -55.000000000000007        3.7966898366501335E-003
  -50.000000000000014        3.9174950478120451E-003
  -45.000000000000007        4.0286479649850951E-003
  -40.000000000000007        4.1294813708626079E-003
  -35.000000000000000        4.2194433950854173E-003
  -30.000000000000004        4.2980920877571877E-003
  -25.000000000000007        4.3650858603698686E-003
  -20.000000000000004        4.4201708668592321E-003
  -15.000000000000002        4.4631666674742740E-003
  -10.000000000000002        4.4939516717419116E-003
  -5.0000000000000009        4.5124498706492298E-003
   0.0000000000000000        4.5186202335646408E-003
   5.0000000000000009        4.5124498706492298E-003
   10.000000000000002        4.4939516717419116E-003
   15.000000000000002        4.4631666674742740E-003
   20.000000000000004        4.4201708668592321E-003
   25.000000000000007        4.3650858603698686E-003
   30.000000000000004        4.2980920877571877E-003
   35.000000000000000        4.2194433950854173E-003
   40.000000000000007        4.1294813708626079E-003
   45.000000000000007        4.0286479649850951E-003
   50.000000000000014        3.9174950478120451E-003
   55.000000000000007        3.7966898366501335E-003
   60.000000000000007        3.6670154691851686E-003
   65.000000000000014        3.5293663982222203E-003
   70.000000000000000        3.3847386793016991E-003
   75.000000000000014        3.2342155862926996E-003
   80.000000000000014        3.0789492914543668E-003
   85.000000000000014        2.9201395668235759E-003
   90.000000000000014        2.7590105943992946E-003
   95.000000000000014        2.5967870141463656E-003
   100.00000000000003        2.4346702998064018E-003
   105.00000000000001        2.2738164469362590E-003
   110.00000000000001        2.1153158027768086E-003
   115.00000000000003        1.9601756817875945E-003
   120.00000000000001        1.8093062114467359E-003
   125.00000000000001        1.6635096555183550E-003
   130.00000000000003        1.5234732787274684E-003
   135.00000000000003        1.3897656565764179E-003
   140.00000000000000        1.2628362024602797E-003
   145.00000000000003        1.1430175838321294E-003
   150.00000000000003        1.0305306299333977E-003
   155.00000000000003        9.2549129358336158E-004
   160.00000000000003        8.2791921539034487E-004
   165.00000000000003        7.3774744635804544E-004
   170.00000000000003        6.5483290971006113E-004
   175.00000000000003        5.7896722035540005E-004
   180.00000000000003        5.0988752656647032E-004
   185.00000000000003        4.4728708940690250E-004
   190.00000000000003        3.9082536806928216E-004
   195.00000000000003        3.4013743101280922E-004
   200.00000000000006        2.9484256167933186E-004
   205.00000000000003        2.5455197222266858E-004
   210.00000000000003        2.1887557821427859E-004
   215.00000000000006        1.8742782121094313E-004
   220.00000000000003        1.5983255425110505E-004
   225.00000000000003        1.3572702791536355E-004
   230.00000000000006        1.1476503186879312E-004
   235.00000000000003        9.6619259258865140E-005
   240.00000000000003        8.0982969516577919E-005
   245.00000000000006        6.7571029584787400E-005
   250.00000000000003        5.6120414969169044E-005
   255.00000000000003        4.6390250848811993E-005
   260.00000000000006        3.8161470334627727E-005
   265.00000000000000        3.1236162316495514E-005
   270.00000000000006        2.5436675631535597E-005
   275.00000000000006        2.0604539895318845E-005
   280.00000000000000        1.6599256586227368E-005
   285.00000000000006        1.3297007125486633E-005
   290.00000000000006        1.0589317963938631E-005
   295.00000000000006        8.3817162358592347E-006
   300.00000000000006        6.5924034917594843E-006
   305.00000000000006        5.1509694606171839E-006
   310.00000000000006        3.9971627700218482E-006
   315.00000000000006        3.0797310963897631E-006
   320.00000000000006        2.3553393312020078E-006
   325.00000000000006        1.7875710205098414E-006
   330.00000000000006        1.3460155380574241E-006
   335.00000000000006        1.0054411521066797E-006
   340.00000000000006        7.4505230079639800E-007
   345.00000000000006        5.4782795516049935E-007
   350.00000000000006        3.9993687559394709E-007
   355.00000000000006        2.9022480941923656E-007
   360.00000000000006        2.0976818846013344E-007
   365.00000000000006        1.5148862272570346E-007
   370.00000000000006        1.0982240908979664E-007
   375.00000000000006        8.0439345424487270E-008
   380.00000000000006        6.0005328042984221E-008
   385.00000000000006        4.5983484483287986E-008
   390.00000000000006        3.6468929456475976E-008
   395.00000000000011        3.0052607772305598E-008
   400.00000000000011        2.5710086343006397E-008
   405.00000000000006        2.2711563311691500E-008
   410.00000000000006        2.0549764265549537E-008
   415.00000000000006        1.8882784321089079E-008
   420.00000000000006        1.7489303865749135E-008
   425.00000000000011        1.6233950158242221E-008
   430.00000000000011        1.5040893771237714E-008
   435.00000000000000        1.3874056353069832E-008
   440.00000000000006        1.2722563883440960E-008
   445.00000000000006        1.1590307902336180E-008
   450.00000000000006        1.0488677198369750E-008
   455.00000000000006        9.4316957597398229E-009
   460.00000000000011        8.4329513754070249E-009
   465.00000000000000        7.5038252982955442E-009
   470.00000000000006        6.6526391211191651E-009
   475.00000000000006        5.8844227556196416E-009
   480.00000000000006        5.2010793755632238E-009
   485.00000000000006        4.6017814990388272E-009
   490.00000000000011        4.0834790136253130E-009
   495.00000000000011        3.6414366835094042E-009
   500.00000000000006        3.2697471305362980E-009
