  -500.00000000000006        3.8215609598514945E-009
  -495.00000000000011        4.2713674933700741E-009
  -490.00000000000011        4.8014000465127666E-009
  -485.00000000000006        5.4169512298757569E-009
  -480.00000000000006        6.1216174795723999E-009
  -475.00000000000006        6.9167408173340537E-009
  -470.00000000000006        7.8008696469712489E-009
  -465.00000000000000        8.7693168632553144E-009
  -460.00000000000011        9.8139292449827385E-009
  -455.00000000000006        1.0923227464153899E-008
  -450.00000000000006        1.2083132787818580E-008
  -445.00000000000006        1.3278566553407017E-008
  -440.00000000000006        1.4496293768410023E-008
  -435.00000000000000        1.5729484820330502E-008
  -430.00000000000011        1.6984591422058126E-008
  -425.00000000000011        1.8291276668920844E-008
  -420.00000000000006        1.9716306432474933E-008
  -415.00000000000006        2.1382502014240080E-008
  -410.00000000000006        2.3494073412775721E-008
  -405.00000000000006        2.6369899574789168E-008
  -400.00000000000011        3.0486596749790789E-008
  -395.00000000000011        3.6533517774745934E-008
  -390.00000000000006        4.5482151858542730E-008
  -385.00000000000006        5.8672742894159997E-008
  -380.00000000000006        7.7921309507343019E-008
  -375.00000000000006        1.0565062500874734E-007
  -370.00000000000006        1.4504909096145614E-007
  -365.00000000000006        2.0026180248255922E-007
  -360.00000000000006        2.7661844212842249E-007
  -355.00000000000006        3.8090293466589604E-007
  -350.00000000000006        5.2167002632740219E-007
  -345.00000000000006        7.0961409498327305E-007
  -340.00000000000006        9.5799552424512227E-007
  -335.00000000000006        1.2831298535997677E-006
  -330.00000000000006        1.7049446137621780E-006
  -325.00000000000006        2.2476082341214936E-006
  -320.00000000000006        2.9402346276866728E-006
  -315.00000000000006        3.8176659770285133E-006
  -310.00000000000006        4.9213348206199276E-006
  -305.00000000000006        6.3002047318891912E-006
  -300.00000000000006        8.0117866550961167E-006
  -295.00000000000006        1.0123225279482228E-005
  -290.00000000000006        1.2712446669987987E-005
  -285.00000000000006        1.5869354713324482E-005
  -280.00000000000000        1.9697059779972051E-005
  -275.00000000000006        2.4313118360550503E-005
  -270.00000000000006        2.9850757344896432E-005
  -265.00000000000000        3.6460051135392321E-005
  -260.00000000000006        4.4309014013641090E-005
  -255.00000000000003        5.3584564236529238E-005
  -250.00000000000003        6.4493310387274633E-005
  -245.00000000000006        7.7262104754152638E-005
  -240.00000000000003        9.2138303203645572E-005
  -235.00000000000003        1.0938966645126835E-004
  -230.00000000000006        1.2930383415361694E-004
  -225.00000000000003        1.5218730123411786E-004
  -220.00000000000003        1.7836382573556295E-004
  -215.00000000000006        2.0817219971725840E-004
  -210.00000000000003        2.4196331975226301E-004
  -205.00000000000003        2.8009650189797671E-004
  -200.00000000000006        3.2293499805323168E-004
  -195.00000000000003        3.7084068676438955E-004
  -190.00000000000003        4.2416793209838159E-004
  -185.00000000000003        4.8325662932632038E-004
  -180.00000000000003        5.4842448584113755E-004
  -175.00000000000003        6.1995861971889262E-004
  -170.00000000000003        6.9810659609298626E-004
  -165.00000000000003        7.8306706217309895E-004
  -160.00000000000003        8.7498018405296582E-004
  -155.00000000000003        9.7391813074257285E-004
  -150.00000000000003        1.0798758910287257E-003
  -145.00000000000003        1.1927627442924848E-003
  -140.00000000000000        1.3123947344023243E-003
  -135.00000000000003        1.4384885130945659E-003
  -130.00000000000003        1.5706569225595124E-003
  -125.00000000000001        1.7084066730684059E-003
  -120.00000000000001        1.8511384375514393E-003
  -115.00000000000003        1.9981496288947035E-003
  -110.00000000000001        2.1486400462283643E-003
  -105.00000000000001        2.3017204739144643E-003
  -100.00000000000003        2.4564241933762426E-003
  -95.000000000000014        2.6117212274829457E-003
  -90.000000000000014        2.7665349863029006E-003
  -85.000000000000014        2.9197608302842701E-003
  -80.000000000000014        3.0702859229208984E-003
  -75.000000000000014        3.2170096217545383E-003
  -70.000000000000000        3.3588635667975838E-003
  -65.000000000000014        3.4948305812437250E-003
  -60.000000000000007        3.6239615108919023E-003
  -55.000000000000007        3.7453892029254907E-003
  -50.000000000000014        3.8583389637110678E-003
  -45.000000000000007        3.9621350354009889E-003
  -40.000000000000007        4.0562028821415951E-003
  -35.000000000000000        4.1400673619674038E-003
  -30.000000000000004        4.2133471578018750E-003
  -25.000000000000007        4.2757461243571665E-003
  -20.000000000000004        4.3270424497592304E-003
  -15.000000000000002        4.3670767057327987E-003
  -10.000000000000002        4.3957399473279184E-003
  -5.0000000000000009        4.4129630093828510E-003
   0.0000000000000000        4.4187080290334245E-003
   5.0000000000000009        4.4129630093828510E-003
   10.000000000000002        4.3957399473279184E-003
   15.000000000000002        4.3670767057327987E-003
   20.000000000000004        4.3270424497592304E-003
   25.000000000000007        4.2757461243571665E-003
   30.000000000000004        4.2133471578018750E-003
   35.000000000000000        4.1400673619674038E-003
   40.000000000000007        4.0562028821415951E-003
   45.000000000000007        3.9621350354009889E-003
   50.000000000000014        3.8583389637110678E-003
   55.000000000000007        3.7453892029254907E-003
   60.000000000000007        3.6239615108919023E-003
   65.000000000000014        3.4948305812437250E-003
   70.000000000000000        3.3588635667975838E-003
   75.000000000000014        3.2170096217545383E-003
   80.000000000000014        3.0702859229208984E-003
   85.000000000000014        2.9197608302842701E-003
   90.000000000000014        2.7665349863029006E-003
   95.000000000000014        2.6117212274829457E-003
   100.00000000000003        2.4564241933762426E-003
   105.00000000000001        2.3017204739144643E-003
   110.00000000000001        2.1486400462283643E-003
   115.00000000000003        1.9981496288947035E-003
   120.00000000000001        1.8511384375514393E-003
   125.00000000000001        1.7084066730684059E-003
   130.00000000000003        1.5706569225595124E-003
   135.00000000000003        1.4384885130945659E-003
   140.00000000000000        1.3123947344023243E-003
   145.00000000000003        1.1927627442924848E-003
   150.00000000000003        1.0798758910287257E-003
   155.00000000000003        9.7391813074257285E-004
   160.00000000000003        8.7498018405296582E-004
   165.00000000000003        7.8306706217309895E-004
   170.00000000000003        6.9810659609298626E-004
   175.00000000000003        6.1995861971889262E-004
   180.00000000000003        5.4842448584113755E-004
   185.00000000000003        4.8325662932632038E-004
   190.00000000000003        4.2416793209838159E-004
   195.00000000000003        3.7084068676438955E-004
   200.00000000000006        3.2293499805323168E-004
   205.00000000000003        2.8009650189797671E-004
   210.00000000000003        2.4196331975226301E-004
   215.00000000000006        2.0817219971725840E-004
   220.00000000000003        1.7836382573556295E-004
   225.00000000000003        1.5218730123411786E-004
   230.00000000000006        1.2930383415361694E-004
   235.00000000000003        1.0938966645126835E-004
   240.00000000000003        9.2138303203645572E-005
   245.00000000000006        7.7262104754152638E-005
   250.00000000000003        6.4493310387274633E-005
   255.00000000000003        5.3584564236529238E-005
   260.00000000000006        4.4309014013641090E-005
   265.00000000000000        3.6460051135392321E-005
   270.00000000000006        2.9850757344896432E-005
   275.00000000000006        2.4313118360550503E-005
   280.00000000000000        1.9697059779972051E-005
   285.00000000000006        1.5869354713324482E-005
   290.00000000000006        1.2712446669987987E-005
   295.00000000000006        1.0123225279482228E-005
   300.00000000000006        8.0117866550961167E-006
   305.00000000000006        6.3002047318891912E-006
   310.00000000000006        4.9213348206199276E-006
   315.00000000000006        3.8176659770285133E-006
   320.00000000000006        2.9402346276866728E-006
   325.00000000000006        2.2476082341214936E-006
   330.00000000000006        1.7049446137621780E-006
   335.00000000000006        1.2831298535997677E-006
   340.00000000000006        9.5799552424512227E-007
   345.00000000000006        7.0961409498327305E-007
   350.00000000000006        5.2167002632740219E-007
   355.00000000000006        3.8090293466589604E-007
   360.00000000000006        2.7661844212842249E-007
   365.00000000000006        2.0026180248255922E-007
   370.00000000000006        1.4504909096145614E-007
   375.00000000000006        1.0565062500874734E-007
   380.00000000000006        7.7921309507343019E-008
   385.00000000000006        5.8672742894159997E-008
   390.00000000000006        4.5482151858542730E-008
   395.00000000000011        3.6533517774745934E-008
   400.00000000000011        3.0486596749790789E-008
   405.00000000000006        2.6369899574789168E-008
   410.00000000000006        2.3494073412775721E-008
   415.00000000000006        2.1382502014240080E-008
   420.00000000000006        1.9716306432474933E-008
   425.00000000000011        1.8291276668920844E-008
   430.00000000000011        1.6984591422058126E-008
   435.00000000000000        1.5729484820330502E-008
   440.00000000000006        1.4496293768410023E-008
   445.00000000000006        1.3278566553407017E-008
   450.00000000000006        1.2083132787818580E-008
   455.00000000000006        1.0923227464153899E-008
   460.00000000000011        9.8139292449827385E-009
   465.00000000000000        8.7693168632553144E-009
   470.00000000000006        7.8008696469712489E-009
   475.00000000000006        6.9167408173340537E-009
   480.00000000000006        6.1216174795723999E-009
   485.00000000000006        5.4169512298757569E-009
   490.00000000000011        4.8014000465127666E-009
   495.00000000000011        4.2713674933700741E-009
   500.00000000000006        3.8215609598514945E-009
