  -500.00000000000006        1.0166026329872954E-008
  -495.00000000000011        1.1000529289488456E-008
  -490.00000000000011        1.1898199270305138E-008
  -485.00000000000006        1.2912946573503998E-008
  -480.00000000000006        1.4136373199587735E-008
  -475.00000000000006        1.5713204125473520E-008
  -470.00000000000006        1.7861155791883198E-008
  -465.00000000000000        2.0896186849467403E-008
  -460.00000000000011        2.5264217680516190E-008
  -455.00000000000006        3.1580556664433708E-008
  -450.00000000000006        4.0678430931390170E-008
  -445.00000000000006        5.3668185117838692E-008
  -440.00000000000006        7.2008880297751954E-008
  -435.00000000000000        9.7594192846599904E-008
  -430.00000000000011        1.3285467457654763E-007
  -425.00000000000011        1.8087858509669296E-007
  -420.00000000000006        2.4555363792695298E-007
  -415.00000000000006        3.3173210519177433E-007
  -410.00000000000006        4.4542179231165917E-007
  -405.00000000000006        5.9400541337678862E-007
  -400.00000000000011        7.8649085805192406E-007
  -395.00000000000011        1.0337947290715741E-006
  -390.00000000000006        1.3490613318349341E-006
  -385.00000000000006        1.7480189997306650E-006
  -380.00000000000006        2.2493752255233171E-006
  -375.00000000000006        2.8752515251312880E-006
  -370.00000000000006        3.6516582703383852E-006
  -365.00000000000006        4.6090088770160633E-006
  -360.00000000000006        5.7826717121694866E-006
  -355.00000000000006        7.2135568753756399E-006
  -350.00000000000006        8.9487336094873665E-006
  -345.00000000000006        1.1042072496941698E-005
  -340.00000000000006        1.3554904801274122E-005
  -335.00000000000006        1.6556689323718818E-005
  -330.00000000000006        2.0125674973969486E-005
  -325.00000000000006        2.4349544922030642E-005
  -320.00000000000006        2.9326025733390811E-005
  -315.00000000000006        3.5163442331484349E-005
  -310.00000000000006        4.1981197029923067E-005
  -305.00000000000006        4.9910148294978397E-005
  -300.00000000000006        5.9092862412244302E-005
  -295.00000000000006        6.9683708930189011E-005
  -290.00000000000006        8.1848768741533409E-005
  -285.00000000000006        9.5765522059453571E-005
  -280.00000000000000        1.1162228248156841E-004
  -275.00000000000006        1.2961734295522493E-004
  -270.00000000000006        1.4995779991818390E-004
  -265.00000000000000        1.7285802335299794E-004
  -260.00000000000006        1.9853774312919245E-004
  -255.00000000000003        2.2721972598259793E-004
  -250.00000000000003        2.5912702295742931E-004
  -245.00000000000006        2.9447977426213341E-004
  -240.00000000000003        3.3349156739060336E-004
  -235.00000000000003        3.7636535512981122E-004
  -230.00000000000006        4.2328895276295389E-004
  -225.00000000000003        4.7443014837659277E-004
  -220.00000000000003        5.2993147661244502E-004
  -215.00000000000006        5.8990472430453598E-004
  -210.00000000000003        6.5442525594337211E-004
  -205.00000000000003        7.2352626742641125E-004
  -200.00000000000006        7.9719309757284203E-004
  -195.00000000000003        8.7535774774164887E-004
  -190.00000000000003        9.5789377978560775E-004
  -185.00000000000003        1.0446117805373465E-003
  -180.00000000000003        1.1352555959465332E-003
  -175.00000000000003        1.2294995486274753E-003
  -170.00000000000003        1.3269468575878144E-003
  -165.00000000000003        1.4271294768845447E-003
  -160.00000000000003        1.5295095594853386E-003
  -155.00000000000003        1.6334827323698168E-003
  -150.00000000000003        1.7383833377296954E-003
  -145.00000000000003        1.8434917521495757E-003
  -140.00000000000000        1.9480438404196800E-003
  -135.00000000000003        2.0512425332516243E-003
  -130.00000000000003        2.1522714394356206E-003
  -125.00000000000001        2.2503103145101425E-003
  -120.00000000000001        2.3445521123520280E-003
  -115.00000000000003        2.4342212467534717E-003
  -110.00000000000001        2.5185925915209538E-003
  -105.00000000000001        2.5970106552832156E-003
  -100.00000000000003        2.6689082871044958E-003
  -95.000000000000014        2.7338242076470958E-003
  -90.000000000000014        2.7914186245080364E-003
  -85.000000000000014        2.8414861854793999E-003
  -80.000000000000014        2.8839655548224081E-003
  -75.000000000000014        2.9189449685478241E-003
  -70.000000000000000        2.9466632363327047E-003
  -65.000000000000014        2.9675058086253876E-003
  -60.000000000000007        2.9819957133449719E-003
  -55.000000000000007        2.9907793800689796E-003
  -50.000000000000014        2.9946076007027144E-003
  -45.000000000000007        2.9943121121126593E-003
  -40.000000000000007        2.9907785144336284E-003
  -35.000000000000000        2.9849164446318953E-003
  -30.000000000000004        2.9776280949721469E-003
  -25.000000000000007        2.9697762885621064E-003
  -20.000000000000004        2.9621533900696523E-003
  -15.000000000000002        2.9554523333413332E-003
  -10.000000000000002        2.9502409871220848E-003
  -5.0000000000000009        2.9469409574082099E-003
   0.0000000000000000        2.9458117458869074E-003
   5.0000000000000009        2.9469409574082099E-003
   10.000000000000002        2.9502409871220848E-003
   15.000000000000002        2.9554523333413332E-003
   20.000000000000004        2.9621533900696523E-003
   25.000000000000007        2.9697762885621064E-003
   30.000000000000004        2.9776280949721469E-003
   35.000000000000000        2.9849164446318953E-003
   40.000000000000007        2.9907785144336284E-003
   45.000000000000007        2.9943121121126593E-003
   50.000000000000014        2.9946076007027144E-003
   55.000000000000007        2.9907793800689796E-003
   60.000000000000007        2.9819957133449719E-003
   65.000000000000014        2.9675058086253876E-003
   70.000000000000000        2.9466632363327047E-003
   75.000000000000014        2.9189449685478241E-003
   80.000000000000014        2.8839655548224081E-003
   85.000000000000014        2.8414861854793999E-003
   90.000000000000014        2.7914186245080364E-003
   95.000000000000014        2.7338242076470958E-003
   100.00000000000003        2.6689082871044958E-003
   105.00000000000001        2.5970106552832156E-003
   110.00000000000001        2.5185925915209538E-003
   115.00000000000003        2.4342212467534717E-003
   120.00000000000001        2.3445521123520280E-003
   125.00000000000001        2.2503103145101425E-003
   130.00000000000003        2.1522714394356206E-003
   135.00000000000003        2.0512425332516243E-003
   140.00000000000000        1.9480438404196800E-003
   145.00000000000003        1.8434917521495757E-003
   150.00000000000003        1.7383833377296954E-003
   155.00000000000003        1.6334827323698168E-003
   160.00000000000003        1.5295095594853386E-003
   165.00000000000003        1.4271294768845447E-003
   170.00000000000003        1.3269468575878144E-003
   175.00000000000003        1.2294995486274753E-003
   180.00000000000003        1.1352555959465332E-003
   185.00000000000003        1.0446117805373465E-003
   190.00000000000003        9.5789377978560775E-004
   195.00000000000003        8.7535774774164887E-004
   200.00000000000006        7.9719309757284203E-004
   205.00000000000003        7.2352626742641125E-004
   210.00000000000003        6.5442525594337211E-004
   215.00000000000006        5.8990472430453598E-004
   220.00000000000003        5.2993147661244502E-004
   225.00000000000003        4.7443014837659277E-004
   230.00000000000006        4.2328895276295389E-004
   235.00000000000003        3.7636535512981122E-004
   240.00000000000003        3.3349156739060336E-004
   245.00000000000006        2.9447977426213341E-004
   250.00000000000003        2.5912702295742931E-004
   255.00000000000003        2.2721972598259793E-004
   260.00000000000006        1.9853774312919245E-004
   265.00000000000000        1.7285802335299794E-004
   270.00000000000006        1.4995779991818390E-004
   275.00000000000006        1.2961734295522493E-004
   280.00000000000000        1.1162228248156841E-004
   285.00000000000006        9.5765522059453571E-005
   290.00000000000006        8.1848768741533409E-005
   295.00000000000006        6.9683708930189011E-005
   300.00000000000006        5.9092862412244302E-005
   305.00000000000006        4.9910148294978397E-005
   310.00000000000006        4.1981197029923067E-005
   315.00000000000006        3.5163442331484349E-005
   320.00000000000006        2.9326025733390811E-005
   325.00000000000006        2.4349544922030642E-005
   330.00000000000006        2.0125674973969486E-005
   335.00000000000006        1.6556689323718818E-005
   340.00000000000006        1.3554904801274122E-005
   345.00000000000006        1.1042072496941698E-005
   350.00000000000006        8.9487336094873665E-006
   355.00000000000006        7.2135568753756399E-006
   360.00000000000006        5.7826717121694866E-006
   365.00000000000006        4.6090088770160633E-006
   370.00000000000006        3.6516582703383852E-006
   375.00000000000006        2.8752515251312880E-006
   380.00000000000006        2.2493752255233171E-006
   385.00000000000006        1.7480189997306650E-006
   390.00000000000006        1.3490613318349341E-006
   395.00000000000011        1.0337947290715741E-006
   400.00000000000011        7.8649085805192406E-007
   405.00000000000006        5.9400541337678862E-007
   410.00000000000006        4.4542179231165917E-007
   415.00000000000006        3.3173210519177433E-007
   420.00000000000006        2.4555363792695298E-007
   425.00000000000011        1.8087858509669296E-007
   430.00000000000011        1.3285467457654763E-007
   435.00000000000000        9.7594192846599904E-008
   440.00000000000006        7.2008880297751954E-008
   445.00000000000006        5.3668185117838692E-008
   450.00000000000006        4.0678430931390170E-008
   455.00000000000006        3.1580556664433708E-008
   460.00000000000011        2.5264217680516190E-008
   465.00000000000000        2.0896186849467403E-008
   470.00000000000006        1.7861155791883198E-008
   475.00000000000006        1.5713204125473520E-008
   480.00000000000006        1.4136373199587735E-008
   485.00000000000006        1.2912946573503998E-008
   490.00000000000011        1.1898199270305138E-008
   495.00000000000011        1.1000529289488456E-008
   500.00000000000006        1.0166026329872954E-008
