  -500.00000000000006        3.3852192508835304E-009
  -495.00000000000011        3.7733880726998640E-009
  -490.00000000000011        4.2341084239975351E-009
  -485.00000000000006        4.7731898503811045E-009
  -480.00000000000006        5.3951594936443752E-009
  -475.00000000000006        6.1027368198801889E-009
  -470.00000000000006        6.8962919016741695E-009
  -465.00000000000000        7.7733461558133541E-009
  -460.00000000000011        8.7282044117510281E-009
  -455.00000000000006        9.7518457462795483E-009
  -450.00000000000006        1.0832249304038920E-008
  -445.00000000000006        1.1955392148448201E-008
  -440.00000000000006        1.3107231034769917E-008
  -435.00000000000000        1.4277070985722029E-008
  -430.00000000000011        1.5462832897066605E-008
  -425.00000000000011        1.6678862363024046E-008
  -420.00000000000006        1.7967074711597030E-008
  -415.00000000000006        1.9412408970158510E-008
  -410.00000000000006        2.1163767986663852E-008
  -405.00000000000006        2.3461854667913572E-008
  -400.00000000000011        2.6675576165698184E-008
  -395.00000000000011        3.1348979001877596E-008
  -390.00000000000006        3.8260997770585243E-008
  -385.00000000000006        4.8500646183317728E-008
  -380.00000000000006        6.3560648356521147E-008
  -375.00000000000006        8.5452895154043417E-008
  -370.00000000000006        1.1684950780528545E-007
  -365.00000000000006        1.6125368927244985E-007
  -360.00000000000006        2.2320493060158512E-007
  -355.00000000000006        3.0852349943674681E-007
  -350.00000000000006        4.2459945240477529E-007
  -345.00000000000006        5.8073166007049016E-007
  -340.00000000000006        7.8852248679289461E-007
  -335.00000000000006        1.0623337984480351E-006
  -330.00000000000006        1.4198098451880044E-006
  -325.00000000000006        1.8824722470941255E-006
  -320.00000000000006        2.4763917573525531E-006
  -315.00000000000006        3.2329406472567227E-006
  -310.00000000000006        4.1896284047823135E-006
  -305.00000000000006        5.3910219176752914E-006
  -300.00000000000006        6.8897493775085960E-006
  -295.00000000000006        8.7475847499514284E-006
  -290.00000000000006        1.1036606770133779E-005
  -285.00000000000006        1.3840423009349147E-005
  -280.00000000000000        1.7255445599728028E-005
  -275.00000000000006        2.1392200690282729E-005
  -270.00000000000006        2.6376648652332642E-005
  -265.00000000000000        3.2351486488827110E-005
  -260.00000000000006        3.9477397891994202E-005
  -255.00000000000003        4.7934210031091991E-005
  -250.00000000000003        5.7921909568591950E-005
  -245.00000000000006        6.9661463773463720E-005
  -240.00000000000003        8.3395386146461591E-005
  -235.00000000000003        9.9387979968028074E-005
  -230.00000000000006        1.1792518795249738E-004
  -225.00000000000003        1.3931397212583668E-004
  -220.00000000000003        1.6388114557526994E-004
  -215.00000000000006        1.9197157733420029E-004
  -210.00000000000003        2.2394569389198922E-004
  -205.00000000000003        2.6017620620964976E-004
  -200.00000000000006        3.0104400024120206E-004
  -195.00000000000003        3.4693314234908945E-004
  -190.00000000000003        3.9822496915024121E-004
  -185.00000000000003        4.5529125463045922E-004
  -180.00000000000003        5.1848647606475605E-004
  -175.00000000000003        5.8813923441897837E-004
  -170.00000000000003        6.6454292424895770E-004
  -165.00000000000003        7.4794579207881830E-004
  -160.00000000000003        8.3854056983596263E-004
  -155.00000000000003        9.3645391967196322E-004
  -150.00000000000003        1.0417359763983897E-003
  -145.00000000000003        1.1543503212447729E-003
  -140.00000000000000        1.2741647625767929E-003
  -135.00000000000003        1.4009433319693663E-003
  -130.00000000000003        1.5343399235999086E-003
  -125.00000000000001        1.6738940071076510E-003
  -120.00000000000001        1.8190288247350460E-003
  -115.00000000000003        1.9690524390557252E-003
  -110.00000000000001        2.1231619251232620E-003
  -105.00000000000001        2.2804508990738105E-003
  -100.00000000000003        2.4399204446512415E-003
  -95.000000000000014        2.6004933428124075E-003
  -90.000000000000014        2.7610313333898354E-003
  -85.000000000000014        2.9203549507000486E-003
  -80.000000000000014        3.0772652889772658E-003
  -75.000000000000014        3.2305668831781611E-003
  -70.000000000000000        3.3790907523832182E-003
  -65.000000000000014        3.5217165634845548E-003
  -60.000000000000007        3.6573928475702672E-003
  -55.000000000000007        3.7851542525403109E-003
  -50.000000000000014        3.9041349497375912E-003
  -45.000000000000007        4.0135775291351697E-003
  -40.000000000000007        4.1128370075722738E-003
  -35.000000000000000        4.2013799191803342E-003
  -30.000000000000004        4.2787788294746205E-003
  -25.000000000000007        4.3447029810535567E-003
  -20.000000000000004        4.3989061025674694E-003
  -15.000000000000002        4.4412126575766389E-003
  -10.000000000000002        4.4715039456108092E-003
  -5.0000000000000009        4.4897054736222032E-003
   0.0000000000000000        4.4957768849977946E-003
   5.0000000000000009        4.4897054736222032E-003
   10.000000000000002        4.4715039456108092E-003
   15.000000000000002        4.4412126575766389E-003
   20.000000000000004        4.3989061025674694E-003
   25.000000000000007        4.3447029810535567E-003
   30.000000000000004        4.2787788294746205E-003
   35.000000000000000        4.2013799191803342E-003
   40.000000000000007        4.1128370075722738E-003
   45.000000000000007        4.0135775291351697E-003
   50.000000000000014        3.9041349497375912E-003
   55.000000000000007        3.7851542525403109E-003
   60.000000000000007        3.6573928475702672E-003
   65.000000000000014        3.5217165634845548E-003
   70.000000000000000        3.3790907523832182E-003
   75.000000000000014        3.2305668831781611E-003
   80.000000000000014        3.0772652889772658E-003
   85.000000000000014        2.9203549507000486E-003
   90.000000000000014        2.7610313333898354E-003
   95.000000000000014        2.6004933428124075E-003
   100.00000000000003        2.4399204446512415E-003
   105.00000000000001        2.2804508990738105E-003
   110.00000000000001        2.1231619251232620E-003
   115.00000000000003        1.9690524390557252E-003
   120.00000000000001        1.8190288247350460E-003
   125.00000000000001        1.6738940071076510E-003
   130.00000000000003        1.5343399235999086E-003
   135.00000000000003        1.4009433319693663E-003
   140.00000000000000        1.2741647625767929E-003
   145.00000000000003        1.1543503212447729E-003
   150.00000000000003        1.0417359763983897E-003
   155.00000000000003        9.3645391967196322E-004
   160.00000000000003        8.3854056983596263E-004
   165.00000000000003        7.4794579207881830E-004
   170.00000000000003        6.6454292424895770E-004
   175.00000000000003        5.8813923441897837E-004
   180.00000000000003        5.1848647606475605E-004
   185.00000000000003        4.5529125463045922E-004
   190.00000000000003        3.9822496915024121E-004
   195.00000000000003        3.4693314234908945E-004
   200.00000000000006        3.0104400024120206E-004
   205.00000000000003        2.6017620620964976E-004
   210.00000000000003        2.2394569389198922E-004
   215.00000000000006        1.9197157733420029E-004
   220.00000000000003        1.6388114557526994E-004
   225.00000000000003        1.3931397212583668E-004
   230.00000000000006        1.1792518795249738E-004
   235.00000000000003        9.9387979968028074E-005
   240.00000000000003        8.3395386146461591E-005
   245.00000000000006        6.9661463773463720E-005
   250.00000000000003        5.7921909568591950E-005
   255.00000000000003        4.7934210031091991E-005
   260.00000000000006        3.9477397891994202E-005
   265.00000000000000        3.2351486488827110E-005
   270.00000000000006        2.6376648652332642E-005
   275.00000000000006        2.1392200690282729E-005
   280.00000000000000        1.7255445599728028E-005
   285.00000000000006        1.3840423009349147E-005
   290.00000000000006        1.1036606770133779E-005
   295.00000000000006        8.7475847499514284E-006
   300.00000000000006        6.8897493775085960E-006
   305.00000000000006        5.3910219176752914E-006
   310.00000000000006        4.1896284047823135E-006
   315.00000000000006        3.2329406472567227E-006
   320.00000000000006        2.4763917573525531E-006
   325.00000000000006        1.8824722470941255E-006
   330.00000000000006        1.4198098451880044E-006
   335.00000000000006        1.0623337984480351E-006
   340.00000000000006        7.8852248679289461E-007
   345.00000000000006        5.8073166007049016E-007
   350.00000000000006        4.2459945240477529E-007
   355.00000000000006        3.0852349943674681E-007
   360.00000000000006        2.2320493060158512E-007
   365.00000000000006        1.6125368927244985E-007
   370.00000000000006        1.1684950780528545E-007
   375.00000000000006        8.5452895154043417E-008
   380.00000000000006        6.3560648356521147E-008
   385.00000000000006        4.8500646183317728E-008
   390.00000000000006        3.8260997770585243E-008
   395.00000000000011        3.1348979001877596E-008
   400.00000000000011        2.6675576165698184E-008
   405.00000000000006        2.3461854667913572E-008
   410.00000000000006        2.1163767986663852E-008
   415.00000000000006        1.9412408970158510E-008
   420.00000000000006        1.7967074711597030E-008
   425.00000000000011        1.6678862363024046E-008
   430.00000000000011        1.5462832897066605E-008
   435.00000000000000        1.4277070985722029E-008
   440.00000000000006        1.3107231034769917E-008
   445.00000000000006        1.1955392148448201E-008
   450.00000000000006        1.0832249304038920E-008
   455.00000000000006        9.7518457462795483E-009
   460.00000000000011        8.7282044117510281E-009
   465.00000000000000        7.7733461558133541E-009
   470.00000000000006        6.8962919016741695E-009
   475.00000000000006        6.1027368198801889E-009
   480.00000000000006        5.3951594936443752E-009
   485.00000000000006        4.7731898503811045E-009
   490.00000000000011        4.2341084239975351E-009
   495.00000000000011        3.7733880726998640E-009
   500.00000000000006        3.3852192508835304E-009
