  -500.00000000000006        9.1537498697595276E-009
  -495.00000000000011        1.2163778858096886E-008
  -490.00000000000011        1.7296621202533245E-008
  -485.00000000000006        2.5310668811479170E-008
  -480.00000000000006        3.7156320422053649E-008
  -475.00000000000006        5.4012753333257039E-008
  -470.00000000000006        7.7329652540418773E-008
  -465.00000000000000        1.0887416046514324E-007
  -460.00000000000011        1.5078323433825645E-007
  -455.00000000000006        2.0562149775308309E-007
  -450.00000000000006        2.7644454506948717E-007
  -445.00000000000006        3.6686749949208552E-007
  -440.00000000000006        4.8113843535939472E-007
  -435.00000000000000        6.2421605055021543E-007
  -430.00000000000011        8.0185071472725025E-007
  -425.00000000000011        1.0206677231271042E-006
  -420.00000000000006        1.2882512547169431E-006
  -415.00000000000006        1.6132271702274569E-006
  -410.00000000000006        2.0053423941269117E-006
  -405.00000000000006        2.4755382114735313E-006
  -400.00000000000011        3.0360143847320778E-006
  -395.00000000000011        3.7002805688660029E-006
  -390.00000000000006        4.4831910902829160E-006
  -385.00000000000006        5.4009587749298323E-006
  -380.00000000000006        6.4711431850937810E-006
  -375.00000000000006        7.7126083791864469E-006
  -370.00000000000006        9.1454451737866310E-006
  -365.00000000000006        1.0790852896095941E-005
  -360.00000000000006        1.2670975804915821E-005
  -355.00000000000006        1.4808689769579098E-005
  -350.00000000000006        1.7227335471723110E-005
  -345.00000000000006        1.9950395378621624E-005
  -340.00000000000006        2.3001113073474668E-005
  -335.00000000000006        2.6402055260676391E-005
  -330.00000000000006        3.0174618932333380E-005
  -325.00000000000006        3.4338488820056544E-005
  -320.00000000000006        3.8911053388501540E-005
  -315.00000000000006        4.3906791267490687E-005
  -310.00000000000006        4.9336644165323984E-005
  -305.00000000000006        5.5207396934696959E-005
  -300.00000000000006        6.1521090527774075E-005
  -295.00000000000006        6.8274499002574359E-005
  -290.00000000000006        7.5458707419049726E-005
  -285.00000000000006        8.3058833241355515E-005
  -280.00000000000000        9.1053939550594373E-005
  -275.00000000000006        9.9417193729961056E-005
  -270.00000000000006        1.0811633002112304E-004
  -265.00000000000000        1.1711447812347621E-004
  -260.00000000000006        1.2637142242029675E-004
  -255.00000000000003        1.3584535702057583E-004
  -250.00000000000003        1.4549520010938717E-004
  -245.00000000000006        1.5528352657263425E-004
  -240.00000000000003        1.6518016994913434E-004
  -235.00000000000003        1.7516653290294007E-004
  -230.00000000000006        1.8524062905743405E-004
  -225.00000000000003        1.9542285769327545E-004
  -220.00000000000003        2.0576248607221125E-004
  -215.00000000000006        2.1634478172435079E-004
  -210.00000000000003        2.2729869882397836E-004
  -205.00000000000003        2.3880497891311492E-004
  -200.00000000000006        2.5110447714946066E-004
  -195.00000000000003        2.6450647176225938E-004
  -190.00000000000003        2.7939665773933002E-004
  -185.00000000000003        2.9624446768618701E-004
  -180.00000000000003        3.1560930559584871E-004
  -175.00000000000003        3.3814522584396065E-004
  -170.00000000000003        3.6460354358717892E-004
  -165.00000000000003        3.9583282799302667E-004
  -160.00000000000003        4.3277571099081011E-004
  -155.00000000000003        4.7646194653123926E-004
  -150.00000000000003        5.2799718391161987E-004
  -145.00000000000003        5.8854697873672850E-004
  -140.00000000000000        6.5931566129823335E-004
  -135.00000000000003        7.4151981846393676E-004
  -130.00000000000003        8.3635632408897377E-004
  -125.00000000000001        9.4496507504896279E-004
  -120.00000000000001        1.0683868532298420E-003
  -115.00000000000003        1.2075170329970447E-003
  -110.00000000000001        1.3630561799183236E-003
  -105.00000000000001        1.5354589268742832E-003
  -100.00000000000003        1.7248828510076297E-003
  -95.000000000000014        1.9311393880917737E-003
  -90.000000000000014        2.1536490853297638E-003
  -85.000000000000014        2.3914036825576595E-003
  -80.000000000000014        2.6429375979383179E-003
  -75.000000000000014        2.9063113516361429E-003
  -70.000000000000000        3.1791092678964245E-003
  -65.000000000000014        3.4584534375628260E-003
  -60.000000000000007        3.7410353942386419E-003
  -55.000000000000007        4.0231662651643357E-003
  -50.000000000000014        4.3008453236542260E-003
  -45.000000000000007        4.5698459296574659E-003
  -40.000000000000007        4.8258168489474498E-003
  -35.000000000000000        5.0643959518429016E-003
  -30.000000000000004        5.2813323795406061E-003
  -25.000000000000007        5.4726125030795190E-003
  -20.000000000000004        5.6345844558059509E-003
  -15.000000000000002        5.7640757532867182E-003
  -10.000000000000002        5.8584985657330014E-003
  -5.0000000000000009        5.9159375949423302E-003
   0.0000000000000000        5.9352162217716116E-003
   5.0000000000000009        5.9159375949423302E-003
   10.000000000000002        5.8584985657330014E-003
   15.000000000000002        5.7640757532867182E-003
   20.000000000000004        5.6345844558059509E-003
   25.000000000000007        5.4726125030795190E-003
   30.000000000000004        5.2813323795406061E-003
   35.000000000000000        5.0643959518429016E-003
   40.000000000000007        4.8258168489474498E-003
   45.000000000000007        4.5698459296574659E-003
   50.000000000000014        4.3008453236542260E-003
   55.000000000000007        4.0231662651643357E-003
   60.000000000000007        3.7410353942386419E-003
   65.000000000000014        3.4584534375628260E-003
   70.000000000000000        3.1791092678964245E-003
   75.000000000000014        2.9063113516361429E-003
   80.000000000000014        2.6429375979383179E-003
   85.000000000000014        2.3914036825576595E-003
   90.000000000000014        2.1536490853297638E-003
   95.000000000000014        1.9311393880917737E-003
   100.00000000000003        1.7248828510076297E-003
   105.00000000000001        1.5354589268742832E-003
   110.00000000000001        1.3630561799183236E-003
   115.00000000000003        1.2075170329970447E-003
   120.00000000000001        1.0683868532298420E-003
   125.00000000000001        9.4496507504896279E-004
   130.00000000000003        8.3635632408897377E-004
   135.00000000000003        7.4151981846393676E-004
   140.00000000000000        6.5931566129823335E-004
   145.00000000000003        5.8854697873672850E-004
   150.00000000000003        5.2799718391161987E-004
   155.00000000000003        4.7646194653123926E-004
   160.00000000000003        4.3277571099081011E-004
   165.00000000000003        3.9583282799302667E-004
   170.00000000000003        3.6460354358717892E-004
   175.00000000000003        3.3814522584396065E-004
   180.00000000000003        3.1560930559584871E-004
   185.00000000000003        2.9624446768618701E-004
   190.00000000000003        2.7939665773933002E-004
   195.00000000000003        2.6450647176225938E-004
   200.00000000000006        2.5110447714946066E-004
   205.00000000000003        2.3880497891311492E-004
   210.00000000000003        2.2729869882397836E-004
   215.00000000000006        2.1634478172435079E-004
   220.00000000000003        2.0576248607221125E-004
   225.00000000000003        1.9542285769327545E-004
   230.00000000000006        1.8524062905743405E-004
   235.00000000000003        1.7516653290294007E-004
   240.00000000000003        1.6518016994913434E-004
   245.00000000000006        1.5528352657263425E-004
   250.00000000000003        1.4549520010938717E-004
   255.00000000000003        1.3584535702057583E-004
   260.00000000000006        1.2637142242029675E-004
   265.00000000000000        1.1711447812347621E-004
   270.00000000000006        1.0811633002112304E-004
   275.00000000000006        9.9417193729961056E-005
   280.00000000000000        9.1053939550594373E-005
   285.00000000000006        8.3058833241355515E-005
   290.00000000000006        7.5458707419049726E-005
   295.00000000000006        6.8274499002574359E-005
   300.00000000000006        6.1521090527774075E-005
   305.00000000000006        5.5207396934696959E-005
   310.00000000000006        4.9336644165323984E-005
   315.00000000000006        4.3906791267490687E-005
   320.00000000000006        3.8911053388501540E-005
   325.00000000000006        3.4338488820056544E-005
   330.00000000000006        3.0174618932333380E-005
   335.00000000000006        2.6402055260676391E-005
   340.00000000000006        2.3001113073474668E-005
   345.00000000000006        1.9950395378621624E-005
   350.00000000000006        1.7227335471723110E-005
   355.00000000000006        1.4808689769579098E-005
   360.00000000000006        1.2670975804915821E-005
   365.00000000000006        1.0790852896095941E-005
   370.00000000000006        9.1454451737866310E-006
   375.00000000000006        7.7126083791864469E-006
   380.00000000000006        6.4711431850937810E-006
   385.00000000000006        5.4009587749298323E-006
   390.00000000000006        4.4831910902829160E-006
   395.00000000000011        3.7002805688660029E-006
   400.00000000000011        3.0360143847320778E-006
   405.00000000000006        2.4755382114735313E-006
   410.00000000000006        2.0053423941269117E-006
   415.00000000000006        1.6132271702274569E-006
   420.00000000000006        1.2882512547169431E-006
   425.00000000000011        1.0206677231271042E-006
   430.00000000000011        8.0185071472725025E-007
   435.00000000000000        6.2421605055021543E-007
   440.00000000000006        4.8113843535939472E-007
   445.00000000000006        3.6686749949208552E-007
   450.00000000000006        2.7644454506948717E-007
   455.00000000000006        2.0562149775308309E-007
   460.00000000000011        1.5078323433825645E-007
   465.00000000000000        1.0887416046514324E-007
   470.00000000000006        7.7329652540418773E-008
   475.00000000000006        5.4012753333257039E-008
   480.00000000000006        3.7156320422053649E-008
   485.00000000000006        2.5310668811479170E-008
   490.00000000000011        1.7296621202533245E-008
   495.00000000000011        1.2163778858096886E-008
   500.00000000000006        9.1537498697595276E-009
