  -500.00000000000006        7.4578210865736300E-009
  -495.00000000000011        9.1957618135896430E-009
  -490.00000000000011        1.2521528468986342E-008
  -485.00000000000006        1.8045666013661789E-008
  -480.00000000000006        2.6540897924329560E-008
  -475.00000000000006        3.8974742010603430E-008
  -470.00000000000006        5.6546844176139151E-008
  -465.00000000000000        8.0731351571013020E-008
  -460.00000000000011        1.1332459021004425E-007
  -455.00000000000006        1.5649823378205784E-007
  -450.00000000000006        2.1285804698265395E-007
  -445.00000000000006        2.8550815523751799E-007
  -440.00000000000006        3.7812063027076362E-007
  -435.00000000000000        4.9500998505476103E-007
  -430.00000000000011        6.4121194019607469E-007
  -425.00000000000011        8.2256555543119224E-007
  -420.00000000000006        1.0457975142673631E-006
  -415.00000000000006        1.3186070078113562E-006
  -410.00000000000006        1.6497492879627883E-006
  -405.00000000000006        2.0491155548031929E-006
  -400.00000000000011        2.5278064148522510E-006
  -395.00000000000011        3.0981957051878688E-006
  -390.00000000000006        3.7739810355332662E-006
  -385.00000000000006        4.5702169719431734E-006
  -380.00000000000006        5.5033263909720445E-006
  -375.00000000000006        6.5910851954045582E-006
  -370.00000000000006        7.8525753291080803E-006
  -365.00000000000006        9.3081008908652928E-006
  -360.00000000000006        1.0979062160853602E-005
  -355.00000000000006        1.2887782558386687E-005
  -350.00000000000006        1.5057283988775516E-005
  -345.00000000000006        1.7511006756704803E-005
  -340.00000000000006        2.0272471271254678E-005
  -335.00000000000006        2.3364880192116558E-005
  -330.00000000000006        2.6810661515069928E-005
  -325.00000000000006        3.0630955411618048E-005
  -320.00000000000006        3.4845050461286966E-005
  -315.00000000000006        3.9469778275110236E-005
  -310.00000000000006        4.4518879422481793E-005
  -305.00000000000006        5.0002358041604997E-005
  -300.00000000000006        5.5925847515851245E-005
  -295.00000000000006        6.2290015088024310E-005
  -290.00000000000006        6.9090039183815254E-005
  -285.00000000000006        7.6315199409509322E-005
  -280.00000000000000        8.3948625519200229E-005
  -275.00000000000006        9.1967257906847052E-005
  -270.00000000000006        1.0034207810827431E-004
  -265.00000000000000        1.0903867307941537E-004
  -260.00000000000006        1.1801820127041508E-004
  -255.00000000000003        1.2723883129873851E-004
  -250.00000000000003        1.3665772483497239E-004
  -245.00000000000006        1.4623363359209874E-004
  -240.00000000000003        1.5593017544324018E-004
  -235.00000000000003        1.6571984603888816E-004
  -230.00000000000006        1.7558880919012998E-004
  -225.00000000000003        1.8554249107592685E-004
  -220.00000000000003        1.9561197940923128E-004
  -215.00000000000006        2.0586119853280424E-004
  -210.00000000000003        2.1639479462214290E-004
  -205.00000000000003        2.2736662155971399E-004
  -200.00000000000006        2.3898866769140242E-004
  -195.00000000000003        2.5154020701238550E-004
  -190.00000000000003        2.6537689622169343E-004
  -185.00000000000003        2.8093947292567748E-004
  -180.00000000000003        2.9876164206919911E-004
  -175.00000000000003        3.1947667013492500E-004
  -170.00000000000003        3.4382214324105181E-004
  -165.00000000000003        3.7264229024684621E-004
  -160.00000000000003        4.0688723039248963E-004
  -155.00000000000003        4.4760848262672201E-004
  -150.00000000000003        4.9595007696665288E-004
  -145.00000000000003        5.5313464369079809E-004
  -140.00000000000000        6.2044393059492527E-004
  -135.00000000000003        6.9919331818516308E-004
  -130.00000000000003        7.9070007273362726E-004
  -125.00000000000001        8.9624530099911045E-004
  -120.00000000000001        1.0170298489566899E-003
  -115.00000000000003        1.1541247174676251E-003
  -110.00000000000001        1.3084169435174891E-003
  -105.00000000000001        1.4805523044335348E-003
  -100.00000000000003        1.6708766267055509E-003
  -95.000000000000014        1.8793778971894070E-003
  -90.000000000000014        2.1056317535557817E-003
  -85.000000000000014        2.3487532392604494E-003
  -80.000000000000014        2.6073579095752769E-003
  -75.000000000000014        2.8795354324610382E-003
  -70.000000000000000        3.1628387072962709E-003
  -65.000000000000014        3.4542911984736554E-003
  -60.000000000000007        3.7504146333782284E-003
  -55.000000000000007        4.0472784440856160E-003
  -50.000000000000014        4.3405713566134797E-003
  -45.000000000000007        4.6256943888198484E-003
  -40.000000000000007        4.8978732672626318E-003
  -35.000000000000000        5.1522869928382758E-003
  -30.000000000000004        5.3842080676886304E-003
  -25.000000000000007        5.5891488420699784E-003
  -20.000000000000004        5.7630076483210684E-003
  -15.000000000000002        5.9022079464569228E-003
  -10.000000000000002        6.0038236766244450E-003
  -5.0000000000000009        6.0656844307688277E-003
   0.0000000000000000        6.0864549149683405E-003
   5.0000000000000009        6.0656844307688277E-003
   10.000000000000002        6.0038236766244450E-003
   15.000000000000002        5.9022079464569228E-003
   20.000000000000004        5.7630076483210684E-003
   25.000000000000007        5.5891488420699784E-003
   30.000000000000004        5.3842080676886304E-003
   35.000000000000000        5.1522869928382758E-003
   40.000000000000007        4.8978732672626318E-003
   45.000000000000007        4.6256943888198484E-003
   50.000000000000014        4.3405713566134797E-003
   55.000000000000007        4.0472784440856160E-003
   60.000000000000007        3.7504146333782284E-003
   65.000000000000014        3.4542911984736554E-003
   70.000000000000000        3.1628387072962709E-003
   75.000000000000014        2.8795354324610382E-003
   80.000000000000014        2.6073579095752769E-003
   85.000000000000014        2.3487532392604494E-003
   90.000000000000014        2.1056317535557817E-003
   95.000000000000014        1.8793778971894070E-003
   100.00000000000003        1.6708766267055509E-003
   105.00000000000001        1.4805523044335348E-003
   110.00000000000001        1.3084169435174891E-003
   115.00000000000003        1.1541247174676251E-003
   120.00000000000001        1.0170298489566899E-003
   125.00000000000001        8.9624530099911045E-004
   130.00000000000003        7.9070007273362726E-004
   135.00000000000003        6.9919331818516308E-004
   140.00000000000000        6.2044393059492527E-004
   145.00000000000003        5.5313464369079809E-004
   150.00000000000003        4.9595007696665288E-004
   155.00000000000003        4.4760848262672201E-004
   160.00000000000003        4.0688723039248963E-004
   165.00000000000003        3.7264229024684621E-004
   170.00000000000003        3.4382214324105181E-004
   175.00000000000003        3.1947667013492500E-004
   180.00000000000003        2.9876164206919911E-004
   185.00000000000003        2.8093947292567748E-004
   190.00000000000003        2.6537689622169343E-004
   195.00000000000003        2.5154020701238550E-004
   200.00000000000006        2.3898866769140242E-004
   205.00000000000003        2.2736662155971399E-004
   210.00000000000003        2.1639479462214290E-004
   215.00000000000006        2.0586119853280424E-004
   220.00000000000003        1.9561197940923128E-004
   225.00000000000003        1.8554249107592685E-004
   230.00000000000006        1.7558880919012998E-004
   235.00000000000003        1.6571984603888816E-004
   240.00000000000003        1.5593017544324018E-004
   245.00000000000006        1.4623363359209874E-004
   250.00000000000003        1.3665772483497239E-004
   255.00000000000003        1.2723883129873851E-004
   260.00000000000006        1.1801820127041508E-004
   265.00000000000000        1.0903867307941537E-004
   270.00000000000006        1.0034207810827431E-004
   275.00000000000006        9.1967257906847052E-005
   280.00000000000000        8.3948625519200229E-005
   285.00000000000006        7.6315199409509322E-005
   290.00000000000006        6.9090039183815254E-005
   295.00000000000006        6.2290015088024310E-005
   300.00000000000006        5.5925847515851245E-005
   305.00000000000006        5.0002358041604997E-005
   310.00000000000006        4.4518879422481793E-005
   315.00000000000006        3.9469778275110236E-005
   320.00000000000006        3.4845050461286966E-005
   325.00000000000006        3.0630955411618048E-005
   330.00000000000006        2.6810661515069928E-005
   335.00000000000006        2.3364880192116558E-005
   340.00000000000006        2.0272471271254678E-005
   345.00000000000006        1.7511006756704803E-005
   350.00000000000006        1.5057283988775516E-005
   355.00000000000006        1.2887782558386687E-005
   360.00000000000006        1.0979062160853602E-005
   365.00000000000006        9.3081008908652928E-006
   370.00000000000006        7.8525753291080803E-006
   375.00000000000006        6.5910851954045582E-006
   380.00000000000006        5.5033263909720445E-006
   385.00000000000006        4.5702169719431734E-006
   390.00000000000006        3.7739810355332662E-006
   395.00000000000011        3.0981957051878688E-006
   400.00000000000011        2.5278064148522510E-006
   405.00000000000006        2.0491155548031929E-006
   410.00000000000006        1.6497492879627883E-006
   415.00000000000006        1.3186070078113562E-006
   420.00000000000006        1.0457975142673631E-006
   425.00000000000011        8.2256555543119224E-007
   430.00000000000011        6.4121194019607469E-007
   435.00000000000000        4.9500998505476103E-007
   440.00000000000006        3.7812063027076362E-007
   445.00000000000006        2.8550815523751799E-007
   450.00000000000006        2.1285804698265395E-007
   455.00000000000006        1.5649823378205784E-007
   460.00000000000011        1.1332459021004425E-007
   465.00000000000000        8.0731351571013020E-008
   470.00000000000006        5.6546844176139151E-008
   475.00000000000006        3.8974742010603430E-008
   480.00000000000006        2.6540897924329560E-008
   485.00000000000006        1.8045666013661789E-008
   490.00000000000011        1.2521528468986342E-008
   495.00000000000011        9.1957618135896430E-009
   500.00000000000006        7.4578210865736300E-009
