  -500.00000000000006        1.1896389086605583E-008
  -495.00000000000011        1.2874038636398871E-008
  -490.00000000000011        1.4019385445562200E-008
  -485.00000000000006        1.5452312929785090E-008
  -480.00000000000006        1.7356129805177156E-008
  -475.00000000000006        2.0000035737852870E-008
  -470.00000000000006        2.3767403784003912E-008
  -465.00000000000000        2.9190996285863444E-008
  -460.00000000000011        3.6996374697060003E-008
  -455.00000000000006        4.8154912862783791E-008
  -450.00000000000006        6.3947974746404132E-008
  -445.00000000000006        8.6043967865842914E-008
  -440.00000000000006        1.1659012831230877E-007
  -435.00000000000000        1.5832102677318263E-007
  -430.00000000000011        2.1468590108318687E-007
  -425.00000000000011        2.8999701206669346E-007
  -420.00000000000006        3.8960127734308558E-007
  -415.00000000000006        5.2007745284080011E-007
  -410.00000000000006        6.8946109350211872E-007
  -405.00000000000006        9.0749942164588773E-007
  -400.00000000000011        1.1859380514941082E-006
  -395.00000000000011        1.5388412486685573E-006
  -390.00000000000006        1.9829470308800950E-006
  -385.00000000000006        2.5380579273771222E-006
  -380.00000000000006        3.2274675971355288E-006
  -375.00000000000006        4.0784227471967795E-006
  -370.00000000000006        5.1226188822478804E-006
  -365.00000000000006        6.3967273456742370E-006
  -360.00000000000006        7.9429498747083991E-006
  -355.00000000000006        9.8095954851286318E-006
  -350.00000000000006        1.2051672925621674E-005
  -345.00000000000006        1.4731490204896469E-005
  -340.00000000000006        1.7919250808410657E-005
  -335.00000000000006        2.1693634205598110E-005
  -330.00000000000006        2.6142346130099353E-005
  -325.00000000000006        3.1362621930818784E-005
  -320.00000000000006        3.7461664086388046E-005
  -315.00000000000006        4.4556992805825816E-005
  -310.00000000000006        5.2776686570695042E-005
  -305.00000000000006        6.2259487586807790E-005
  -300.00000000000006        7.3154745495552536E-005
  -295.00000000000006        8.5622171445954521E-005
  -290.00000000000006        9.9831373858231116E-005
  -285.00000000000006        1.1596114703599572E-004
  -280.00000000000000        1.3419848433206553E-004
  -275.00000000000006        1.5473728897060898E-004
  -270.00000000000006        1.7777675800518774E-004
  -265.00000000000000        2.0351941837340440E-004
  -260.00000000000006        2.3216879871081273E-004
  -255.00000000000003        2.6392672661101083E-004
  -250.00000000000003        2.9899024844515503E-004
  -245.00000000000006        3.3754817773260073E-004
  -240.00000000000003        3.7977728839685092E-004
  -235.00000000000003        4.2583818101195233E-004
  -230.00000000000006        4.7587086325126771E-004
  -225.00000000000003        5.2999010003378425E-004
  -220.00000000000003        5.8828060408724718E-004
  -215.00000000000006        6.5079215349217272E-004
  -210.00000000000003        7.1753473882441271E-004
  -205.00000000000003        7.8847385826826130E-004
  -200.00000000000006        8.6352609392158902E-004
  -195.00000000000003        9.4255511575883836E-004
  -190.00000000000003        1.0253682705705920E-003
  -185.00000000000003        1.1117139208023381E-003
  -180.00000000000003        1.2012797016638871E-003
  -175.00000000000003        1.2936918632514528E-003
  -170.00000000000003        1.3885158568169933E-003
  -165.00000000000003        1.4852583099074588E-003
  -160.00000000000003        1.5833705131865720E-003
  -155.00000000000003        1.6822535118494130E-003
  -150.00000000000003        1.7812648564234448E-003
  -145.00000000000003        1.8797270215434321E-003
  -140.00000000000000        1.9769374475355913E-003
  -135.00000000000003        2.0721800993739417E-003
  -130.00000000000003        2.1647383723345155E-003
  -125.00000000000001        2.2539091055793418E-003
  -120.00000000000001        2.3390173966047448E-003
  -115.00000000000003        2.4194318441360164E-003
  -110.00000000000001        2.4945797881913193E-003
  -105.00000000000001        2.5639620674752983E-003
  -100.00000000000003        2.6271667798589567E-003
  -95.000000000000014        2.6838815151376703E-003
  -90.000000000000014        2.7339035337578333E-003
  -85.000000000000014        2.7771473932421938E-003
  -80.000000000000014        2.8136495770700216E-003
  -75.000000000000014        2.8435697589442800E-003
  -70.000000000000000        2.8671884373970094E-003
  -65.000000000000014        2.8849007986711818E-003
  -60.000000000000007        2.8972068053468819E-003
  -55.000000000000007        2.9046976584188224E-003
  -50.000000000000014        2.9080389345129205E-003
  -45.000000000000007        2.9079508499383800E-003
  -40.000000000000007        2.9051862413237194E-003
  -35.000000000000000        2.9005069709523838E-003
  -30.000000000000004        2.8946595566490866E-003
  -25.000000000000007        2.8883508854877899E-003
  -20.000000000000004        2.8822248936623716E-003
  -15.000000000000002        2.8768410794642197E-003
  -10.000000000000002        2.8726556623722079E-003
  -5.0000000000000009        2.8700061107316279E-003
   0.0000000000000000        2.8690996372178010E-003
   5.0000000000000009        2.8700061107316279E-003
   10.000000000000002        2.8726556623722079E-003
   15.000000000000002        2.8768410794642197E-003
   20.000000000000004        2.8822248936623716E-003
   25.000000000000007        2.8883508854877899E-003
   30.000000000000004        2.8946595566490866E-003
   35.000000000000000        2.9005069709523838E-003
   40.000000000000007        2.9051862413237194E-003
   45.000000000000007        2.9079508499383800E-003
   50.000000000000014        2.9080389345129205E-003
   55.000000000000007        2.9046976584188224E-003
   60.000000000000007        2.8972068053468819E-003
   65.000000000000014        2.8849007986711818E-003
   70.000000000000000        2.8671884373970094E-003
   75.000000000000014        2.8435697589442800E-003
   80.000000000000014        2.8136495770700216E-003
   85.000000000000014        2.7771473932421938E-003
   90.000000000000014        2.7339035337578333E-003
   95.000000000000014        2.6838815151376703E-003
   100.00000000000003        2.6271667798589567E-003
   105.00000000000001        2.5639620674752983E-003
   110.00000000000001        2.4945797881913193E-003
   115.00000000000003        2.4194318441360164E-003
   120.00000000000001        2.3390173966047448E-003
   125.00000000000001        2.2539091055793418E-003
   130.00000000000003        2.1647383723345155E-003
   135.00000000000003        2.0721800993739417E-003
   140.00000000000000        1.9769374475355913E-003
   145.00000000000003        1.8797270215434321E-003
   150.00000000000003        1.7812648564234448E-003
   155.00000000000003        1.6822535118494130E-003
   160.00000000000003        1.5833705131865720E-003
   165.00000000000003        1.4852583099074588E-003
   170.00000000000003        1.3885158568169933E-003
   175.00000000000003        1.2936918632514528E-003
   180.00000000000003        1.2012797016638871E-003
   185.00000000000003        1.1117139208023381E-003
   190.00000000000003        1.0253682705705920E-003
   195.00000000000003        9.4255511575883836E-004
   200.00000000000006        8.6352609392158902E-004
   205.00000000000003        7.8847385826826130E-004
   210.00000000000003        7.1753473882441271E-004
   215.00000000000006        6.5079215349217272E-004
   220.00000000000003        5.8828060408724718E-004
   225.00000000000003        5.2999010003378425E-004
   230.00000000000006        4.7587086325126771E-004
   235.00000000000003        4.2583818101195233E-004
   240.00000000000003        3.7977728839685092E-004
   245.00000000000006        3.3754817773260073E-004
   250.00000000000003        2.9899024844515503E-004
   255.00000000000003        2.6392672661101083E-004
   260.00000000000006        2.3216879871081273E-004
   265.00000000000000        2.0351941837340440E-004
   270.00000000000006        1.7777675800518774E-004
   275.00000000000006        1.5473728897060898E-004
   280.00000000000000        1.3419848433206553E-004
   285.00000000000006        1.1596114703599572E-004
   290.00000000000006        9.9831373858231116E-005
   295.00000000000006        8.5622171445954521E-005
   300.00000000000006        7.3154745495552536E-005
   305.00000000000006        6.2259487586807790E-005
   310.00000000000006        5.2776686570695042E-005
   315.00000000000006        4.4556992805825816E-005
   320.00000000000006        3.7461664086388046E-005
   325.00000000000006        3.1362621930818784E-005
   330.00000000000006        2.6142346130099353E-005
   335.00000000000006        2.1693634205598110E-005
   340.00000000000006        1.7919250808410657E-005
   345.00000000000006        1.4731490204896469E-005
   350.00000000000006        1.2051672925621674E-005
   355.00000000000006        9.8095954851286318E-006
   360.00000000000006        7.9429498747083991E-006
   365.00000000000006        6.3967273456742370E-006
   370.00000000000006        5.1226188822478804E-006
   375.00000000000006        4.0784227471967795E-006
   380.00000000000006        3.2274675971355288E-006
   385.00000000000006        2.5380579273771222E-006
   390.00000000000006        1.9829470308800950E-006
   395.00000000000011        1.5388412486685573E-006
   400.00000000000011        1.1859380514941082E-006
   405.00000000000006        9.0749942164588773E-007
   410.00000000000006        6.8946109350211872E-007
   415.00000000000006        5.2007745284080011E-007
   420.00000000000006        3.8960127734308558E-007
   425.00000000000011        2.8999701206669346E-007
   430.00000000000011        2.1468590108318687E-007
   435.00000000000000        1.5832102677318263E-007
   440.00000000000006        1.1659012831230877E-007
   445.00000000000006        8.6043967865842914E-008
   450.00000000000006        6.3947974746404132E-008
   455.00000000000006        4.8154912862783791E-008
   460.00000000000011        3.6996374697060003E-008
   465.00000000000000        2.9190996285863444E-008
   470.00000000000006        2.3767403784003912E-008
   475.00000000000006        2.0000035737852870E-008
   480.00000000000006        1.7356129805177156E-008
   485.00000000000006        1.5452312929785090E-008
   490.00000000000011        1.4019385445562200E-008
   495.00000000000011        1.2874038636398871E-008
   500.00000000000006        1.1896389086605583E-008
