  -500.00000000000006        4.2476015045926471E-009
  -495.00000000000011        4.7847409131830773E-009
  -490.00000000000011        5.4312007772305197E-009
  -485.00000000000006        6.1983641503948908E-009
  -480.00000000000006        7.0962542297127258E-009
  -475.00000000000006        8.1327318370588194E-009
  -470.00000000000006        9.3126170009171918E-009
  -465.00000000000000        1.0636797743710000E-008
  -460.00000000000011        1.2101425633067510E-008
  -455.00000000000006        1.3697344832469267E-008
  -450.00000000000006        1.5409961268856100E-008
  -445.00000000000006        1.7219833275966684E-008
  -440.00000000000006        1.9104356966518553E-008
  -435.00000000000000        2.1041031020202093E-008
  -430.00000000000011        2.3012918958967024E-008
  -425.00000000000011        2.5017084663769275E-008
  -420.00000000000006        2.7076961040497048E-008
  -415.00000000000006        2.9259824227898587E-008
  -410.00000000000006        3.1700787943090185E-008
  -405.00000000000006        3.4635005201619415E-008
  -400.00000000000011        3.8440067567859911E-008
  -395.00000000000011        4.3690924000635625E-008
  -390.00000000000006        5.1229999578152627E-008
  -385.00000000000006        6.2255574553832759E-008
  -380.00000000000006        7.8431879964102213E-008
  -375.00000000000006        1.0202476873739595E-007
  -370.00000000000006        1.3606721968984589E-007
  -365.00000000000006        1.8455931178057442E-007
  -360.00000000000006        2.5270765020444351E-007
  -355.00000000000006        3.4720951358533675E-007
  -350.00000000000006        4.7658719839722903E-007
  -345.00000000000006        6.5157813484688315E-007
  -340.00000000000006        8.8558630627422419E-007
  -335.00000000000006        1.1952002867404855E-006
  -330.00000000000006        1.6007827809304614E-006
  -325.00000000000006        2.1271358664048888E-006
  -320.00000000000006        2.8042451586099360E-006
  -315.00000000000006        3.6681048014055835E-006
  -310.00000000000006        4.7616234886916845E-006
  -305.00000000000006        6.1356096071990730E-006
  -300.00000000000006        7.8498310227721458E-006
  -295.00000000000006        9.9741419860089620E-006
  -290.00000000000006        1.2589666091780774E-005
  -285.00000000000006        1.5790020188358468E-005
  -280.00000000000000        1.9682559610257550E-005
  -275.00000000000006        2.4389620140165598E-005
  -270.00000000000006        3.0049726750217975E-005
  -265.00000000000000        3.6818733521392422E-005
  -260.00000000000006        4.4870853314968689E-005
  -255.00000000000003        5.4399529931641916E-005
  -250.00000000000003        6.5618099841496488E-005
  -245.00000000000006        7.8760185342941527E-005
  -240.00000000000003        9.4079756494704842E-005
  -235.00000000000003        1.1185079568746048E-004
  -230.00000000000006        1.3236649664433246E-004
  -225.00000000000003        1.5593792935842085E-004
  -220.00000000000003        1.8289210440977614E-004
  -215.00000000000006        2.1356937468300274E-004
  -210.00000000000003        2.4832012015146273E-004
  -205.00000000000003        2.8750067249679013E-004
  -200.00000000000006        3.3146845122809722E-004
  -195.00000000000003        3.8057630189981069E-004
  -190.00000000000003        4.3516605012071250E-004
  -185.00000000000003        4.9556131225335451E-004
  -180.00000000000003        5.6205963476725271E-004
  -175.00000000000003        6.3492406862350134E-004
  -170.00000000000003        7.1437432203246530E-004
  -165.00000000000003        8.0057767331309616E-004
  -160.00000000000003        8.9363986391652718E-004
  -155.00000000000003        9.9359622812759648E-004
  -150.00000000000003        1.1004033483588546E-003
  -145.00000000000003        1.2139315508459256E-003
  -140.00000000000000        1.3339585732782271E-003
  -135.00000000000003        1.4601647407105841E-003
  -130.00000000000003        1.5921299763411365E-003
  -125.00000000000001        1.7293329470491404E-003
  -120.00000000000001        1.8711525981512534E-003
  -115.00000000000003        2.0168722666705666E-003
  -110.00000000000001        2.1656864776455030E-003
  -105.00000000000001        2.3167104251439834E-003
  -100.00000000000003        2.4689920218033904E-003
  -95.000000000000014        2.6215262727340310E-003
  -90.000000000000014        2.7732715980870138E-003
  -85.000000000000014        2.9231676016516126E-003
  -80.000000000000014        3.0701536698754610E-003
  -75.000000000000014        3.2131876966845444E-003
  -70.000000000000000        3.3512641742542981E-003
  -65.000000000000014        3.4834308771740032E-003
  -60.000000000000007        3.6088034038209652E-003
  -55.000000000000007        3.7265769275849252E-003
  -50.000000000000014        3.8360346511172316E-003
  -45.000000000000007        3.9365526435617953E-003
  -40.000000000000007        4.0276009633704209E-003
  -35.000000000000000        4.1087412128441910E-003
  -30.000000000000004        4.1796209163458839E-003
  -25.000000000000007        4.2399653414002944E-003
  -20.000000000000004        4.2895675696430005E-003
  -15.000000000000002        4.3282777538232601E-003
  -10.000000000000002        4.3559925531145086E-003
  -5.0000000000000009        4.3726457133583876E-003
   0.0000000000000000        4.3782006506749667E-003
   5.0000000000000009        4.3726457133583876E-003
   10.000000000000002        4.3559925531145086E-003
   15.000000000000002        4.3282777538232601E-003
   20.000000000000004        4.2895675696430005E-003
   25.000000000000007        4.2399653414002944E-003
   30.000000000000004        4.1796209163458839E-003
   35.000000000000000        4.1087412128441910E-003
   40.000000000000007        4.0276009633704209E-003
   45.000000000000007        3.9365526435617953E-003
   50.000000000000014        3.8360346511172316E-003
   55.000000000000007        3.7265769275849252E-003
   60.000000000000007        3.6088034038209652E-003
   65.000000000000014        3.4834308771740032E-003
   70.000000000000000        3.3512641742542981E-003
   75.000000000000014        3.2131876966845444E-003
   80.000000000000014        3.0701536698754610E-003
   85.000000000000014        2.9231676016516126E-003
   90.000000000000014        2.7732715980870138E-003
   95.000000000000014        2.6215262727340310E-003
   100.00000000000003        2.4689920218033904E-003
   105.00000000000001        2.3167104251439834E-003
   110.00000000000001        2.1656864776455030E-003
   115.00000000000003        2.0168722666705666E-003
   120.00000000000001        1.8711525981512534E-003
   125.00000000000001        1.7293329470491404E-003
   130.00000000000003        1.5921299763411365E-003
   135.00000000000003        1.4601647407105841E-003
   140.00000000000000        1.3339585732782271E-003
   145.00000000000003        1.2139315508459256E-003
   150.00000000000003        1.1004033483588546E-003
   155.00000000000003        9.9359622812759648E-004
   160.00000000000003        8.9363986391652718E-004
   165.00000000000003        8.0057767331309616E-004
   170.00000000000003        7.1437432203246530E-004
   175.00000000000003        6.3492406862350134E-004
   180.00000000000003        5.6205963476725271E-004
   185.00000000000003        4.9556131225335451E-004
   190.00000000000003        4.3516605012071250E-004
   195.00000000000003        3.8057630189981069E-004
   200.00000000000006        3.3146845122809722E-004
   205.00000000000003        2.8750067249679013E-004
   210.00000000000003        2.4832012015146273E-004
   215.00000000000006        2.1356937468300274E-004
   220.00000000000003        1.8289210440977614E-004
   225.00000000000003        1.5593792935842085E-004
   230.00000000000006        1.3236649664433246E-004
   235.00000000000003        1.1185079568746048E-004
   240.00000000000003        9.4079756494704842E-005
   245.00000000000006        7.8760185342941527E-005
   250.00000000000003        6.5618099841496488E-005
   255.00000000000003        5.4399529931641916E-005
   260.00000000000006        4.4870853314968689E-005
   265.00000000000000        3.6818733521392422E-005
   270.00000000000006        3.0049726750217975E-005
   275.00000000000006        2.4389620140165598E-005
   280.00000000000000        1.9682559610257550E-005
   285.00000000000006        1.5790020188358468E-005
   290.00000000000006        1.2589666091780774E-005
   295.00000000000006        9.9741419860089620E-006
   300.00000000000006        7.8498310227721458E-006
   305.00000000000006        6.1356096071990730E-006
   310.00000000000006        4.7616234886916845E-006
   315.00000000000006        3.6681048014055835E-006
   320.00000000000006        2.8042451586099360E-006
   325.00000000000006        2.1271358664048888E-006
   330.00000000000006        1.6007827809304614E-006
   335.00000000000006        1.1952002867404855E-006
   340.00000000000006        8.8558630627422419E-007
   345.00000000000006        6.5157813484688315E-007
   350.00000000000006        4.7658719839722903E-007
   355.00000000000006        3.4720951358533675E-007
   360.00000000000006        2.5270765020444351E-007
   365.00000000000006        1.8455931178057442E-007
   370.00000000000006        1.3606721968984589E-007
   375.00000000000006        1.0202476873739595E-007
   380.00000000000006        7.8431879964102213E-008
   385.00000000000006        6.2255574553832759E-008
   390.00000000000006        5.1229999578152627E-008
   395.00000000000011        4.3690924000635625E-008
   400.00000000000011        3.8440067567859911E-008
   405.00000000000006        3.4635005201619415E-008
   410.00000000000006        3.1700787943090185E-008
   415.00000000000006        2.9259824227898587E-008
   420.00000000000006        2.7076961040497048E-008
   425.00000000000011        2.5017084663769275E-008
   430.00000000000011        2.3012918958967024E-008
   435.00000000000000        2.1041031020202093E-008
   440.00000000000006        1.9104356966518553E-008
   445.00000000000006        1.7219833275966684E-008
   450.00000000000006        1.5409961268856100E-008
   455.00000000000006        1.3697344832469267E-008
   460.00000000000011        1.2101425633067510E-008
   465.00000000000000        1.0636797743710000E-008
   470.00000000000006        9.3126170009171918E-009
   475.00000000000006        8.1327318370588194E-009
   480.00000000000006        7.0962542297127258E-009
   485.00000000000006        6.1983641503948908E-009
   490.00000000000011        5.4312007772305197E-009
   495.00000000000011        4.7847409131830773E-009
   500.00000000000006        4.2476015045926471E-009
