  -500.00000000000006        5.7520406692982921E-009
  -495.00000000000011        5.4134572659877961E-009
  -490.00000000000011        5.5317638697477802E-009
  -485.00000000000006        6.3604659665509841E-009
  -480.00000000000006        8.2343562803115204E-009
  -475.00000000000006        1.1588996427345856E-008
  -470.00000000000006        1.6983721038181203E-008
  -465.00000000000000        2.5128565207207863E-008
  -460.00000000000011        3.6915513824516123E-008
  -455.00000000000006        5.3454456797393921E-008
  -450.00000000000006        7.6114204547803155E-008
  -445.00000000000006        1.0656887035578404E-007
  -440.00000000000006        1.4684985675015366E-007
  -435.00000000000000        1.9940358870938259E-007
  -430.00000000000011        2.6715501334262560E-007
  -425.00000000000011        3.5357673044351197E-007
  -420.00000000000006        4.6276342752757504E-007
  -415.00000000000006        5.9951106376189347E-007
  -410.00000000000006        7.6939997729970590E-007
  -405.00000000000006        9.7888077859040653E-007
  -400.00000000000011        1.2353615381250190E-006
  -395.00000000000011        1.5472943822415545E-006
  -390.00000000000006        1.9242591784185477E-006
  -385.00000000000006        2.3770415275962331E-006
  -380.00000000000006        2.9177017938717240E-006
  -375.00000000000006        3.5596314029799184E-006
  -370.00000000000006        4.3175921455200212E-006
  -365.00000000000006        5.2077337482942569E-006
  -360.00000000000006        6.2475845513851100E-006
  -355.00000000000006        7.4560097787159622E-006
  -350.00000000000006        8.8531316501451698E-006
  -345.00000000000006        1.0460205493474643E-005
  -340.00000000000006        1.2299446120532790E-005
  -335.00000000000006        1.4393799083648459E-005
  -330.00000000000006        1.6766652083519873E-005
  -325.00000000000006        1.9441482817501294E-005
  -320.00000000000006        2.2441441003170408E-005
  -315.00000000000006        2.5788864252396758E-005
  -310.00000000000006        2.9504729972888645E-005
  -305.00000000000006        3.3608048601758002E-005
  -300.00000000000006        3.8115207287646673E-005
  -295.00000000000006        4.3039277683330701E-005
  -290.00000000000006        4.8389306823906987E-005
  -285.00000000000006        5.4169616161106670E-005
  -280.00000000000000        6.0379140689759463E-005
  -275.00000000000006        6.7010847691517021E-005
  -270.00000000000006        7.4051282844286105E-005
  -265.00000000000000        8.1480300161635563E-005
  -260.00000000000006        8.9271041230217041E-005
  -255.00000000000003        9.7390238227025252E-005
  -250.00000000000003        1.0579892385965464E-004
  -245.00000000000006        1.1445363922369016E-004
  -240.00000000000003        1.2330823704797617E-004
  -235.00000000000003        1.3231638222128847E-004
  -230.00000000000006        1.4143485306065634E-004
  -225.00000000000003        1.5062774456367145E-004
  -220.00000000000003        1.5987166783157551E-004
  -215.00000000000006        1.6916202678860060E-004
  -210.00000000000003        1.7852043299213834E-004
  -205.00000000000003        1.8800329040041331E-004
  -200.00000000000006        1.9771154309672102E-004
  -195.00000000000003        2.0780152887243461E-004
  -190.00000000000003        2.1849681910175589E-004
  -185.00000000000003        2.3010084962576615E-004
  -180.00000000000003        2.4301005795386246E-004
  -175.00000000000003        2.5772713915927614E-004
  -170.00000000000003        2.7487391741628267E-004
  -165.00000000000003        2.9520320434490744E-004
  -160.00000000000003        3.1960888275877529E-004
  -155.00000000000003        3.4913332035359625E-004
  -150.00000000000003        3.8497108967662698E-004
  -145.00000000000003        4.2846785805571543E-004
  -140.00000000000000        4.8111322623194195E-004
  -135.00000000000003        5.4452625198481641E-004
  -130.00000000000003        6.2043241218773075E-004
  -125.00000000000001        7.1063085246298721E-004
  -120.00000000000001        8.1695096780087415E-004
  -115.00000000000003        9.4119766945659873E-004
  -110.00000000000001        1.0850851397275583E-003
  -105.00000000000001        1.2501594679453381E-003
  -100.00000000000003        1.4377113004193991E-003
  -95.000000000000014        1.6486805136425987E-003
  -90.000000000000014        1.8835559066064478E-003
  -85.000000000000014        2.1422739570842297E-003
  -80.000000000000014        2.4241217280036049E-003
  -75.000000000000014        2.7276499502178835E-003
  -70.000000000000000        3.0506030333426869E-003
  -65.000000000000014        3.3898731393629438E-003
  -60.000000000000007        3.7414853645215528E-003
  -55.000000000000007        4.1006203971870412E-003
  -50.000000000000014        4.4616796697813264E-003
  -45.000000000000007        4.8183959728429759E-003
  -40.000000000000007        5.1639897948041451E-003
  -35.000000000000000        5.4913684267004007E-003
  -30.000000000000004        5.7933613542988354E-003
  -25.000000000000007        6.0629819615074035E-003
  -20.000000000000004        6.2937024559290618E-003
  -15.000000000000002        6.4797265832652199E-003
  -10.000000000000002        6.6162434684520956E-003
  -5.0000000000000009        6.6996460619024303E-003
   0.0000000000000000        6.7276992913245280E-003
   5.0000000000000009        6.6996460619024303E-003
   10.000000000000002        6.6162434684520956E-003
   15.000000000000002        6.4797265832652199E-003
   20.000000000000004        6.2937024559290618E-003
   25.000000000000007        6.0629819615074035E-003
   30.000000000000004        5.7933613542988354E-003
   35.000000000000000        5.4913684267004007E-003
   40.000000000000007        5.1639897948041451E-003
   45.000000000000007        4.8183959728429759E-003
   50.000000000000014        4.4616796697813264E-003
   55.000000000000007        4.1006203971870412E-003
   60.000000000000007        3.7414853645215528E-003
   65.000000000000014        3.3898731393629438E-003
   70.000000000000000        3.0506030333426869E-003
   75.000000000000014        2.7276499502178835E-003
   80.000000000000014        2.4241217280036049E-003
   85.000000000000014        2.1422739570842297E-003
   90.000000000000014        1.8835559066064478E-003
   95.000000000000014        1.6486805136425987E-003
   100.00000000000003        1.4377113004193991E-003
   105.00000000000001        1.2501594679453381E-003
   110.00000000000001        1.0850851397275583E-003
   115.00000000000003        9.4119766945659873E-004
   120.00000000000001        8.1695096780087415E-004
   125.00000000000001        7.1063085246298721E-004
   130.00000000000003        6.2043241218773075E-004
   135.00000000000003        5.4452625198481641E-004
   140.00000000000000        4.8111322623194195E-004
   145.00000000000003        4.2846785805571543E-004
   150.00000000000003        3.8497108967662698E-004
   155.00000000000003        3.4913332035359625E-004
   160.00000000000003        3.1960888275877529E-004
   165.00000000000003        2.9520320434490744E-004
   170.00000000000003        2.7487391741628267E-004
   175.00000000000003        2.5772713915927614E-004
   180.00000000000003        2.4301005795386246E-004
   185.00000000000003        2.3010084962576615E-004
   190.00000000000003        2.1849681910175589E-004
   195.00000000000003        2.0780152887243461E-004
   200.00000000000006        1.9771154309672102E-004
   205.00000000000003        1.8800329040041331E-004
   210.00000000000003        1.7852043299213834E-004
   215.00000000000006        1.6916202678860060E-004
   220.00000000000003        1.5987166783157551E-004
   225.00000000000003        1.5062774456367145E-004
   230.00000000000006        1.4143485306065634E-004
   235.00000000000003        1.3231638222128847E-004
   240.00000000000003        1.2330823704797617E-004
   245.00000000000006        1.1445363922369016E-004
   250.00000000000003        1.0579892385965464E-004
   255.00000000000003        9.7390238227025252E-005
   260.00000000000006        8.9271041230217041E-005
   265.00000000000000        8.1480300161635563E-005
   270.00000000000006        7.4051282844286105E-005
   275.00000000000006        6.7010847691517021E-005
   280.00000000000000        6.0379140689759463E-005
   285.00000000000006        5.4169616161106670E-005
   290.00000000000006        4.8389306823906987E-005
   295.00000000000006        4.3039277683330701E-005
   300.00000000000006        3.8115207287646673E-005
   305.00000000000006        3.3608048601758002E-005
   310.00000000000006        2.9504729972888645E-005
   315.00000000000006        2.5788864252396758E-005
   320.00000000000006        2.2441441003170408E-005
   325.00000000000006        1.9441482817501294E-005
   330.00000000000006        1.6766652083519873E-005
   335.00000000000006        1.4393799083648459E-005
   340.00000000000006        1.2299446120532790E-005
   345.00000000000006        1.0460205493474643E-005
   350.00000000000006        8.8531316501451698E-006
   355.00000000000006        7.4560097787159622E-006
   360.00000000000006        6.2475845513851100E-006
   365.00000000000006        5.2077337482942569E-006
   370.00000000000006        4.3175921455200212E-006
   375.00000000000006        3.5596314029799184E-006
   380.00000000000006        2.9177017938717240E-006
   385.00000000000006        2.3770415275962331E-006
   390.00000000000006        1.9242591784185477E-006
   395.00000000000011        1.5472943822415545E-006
   400.00000000000011        1.2353615381250190E-006
   405.00000000000006        9.7888077859040653E-007
   410.00000000000006        7.6939997729970590E-007
   415.00000000000006        5.9951106376189347E-007
   420.00000000000006        4.6276342752757504E-007
   425.00000000000011        3.5357673044351197E-007
   430.00000000000011        2.6715501334262560E-007
   435.00000000000000        1.9940358870938259E-007
   440.00000000000006        1.4684985675015366E-007
   445.00000000000006        1.0656887035578404E-007
   450.00000000000006        7.6114204547803155E-008
   455.00000000000006        5.3454456797393921E-008
   460.00000000000011        3.6915513824516123E-008
   465.00000000000000        2.5128565207207863E-008
   470.00000000000006        1.6983721038181203E-008
   475.00000000000006        1.1588996427345856E-008
   480.00000000000006        8.2343562803115204E-009
   485.00000000000006        6.3604659665509841E-009
   490.00000000000011        5.5317638697477802E-009
   495.00000000000011        5.4134572659877961E-009
   500.00000000000006        5.7520406692982921E-009
