  -500.00000000000006        2.2924053932262727E-009
  -495.00000000000011        2.5072427215250367E-009
  -490.00000000000011        2.7770258256675424E-009
  -485.00000000000006        3.1120114080679722E-009
  -480.00000000000006        3.5232397106812458E-009
  -475.00000000000006        4.0222307808008199E-009
  -470.00000000000006        4.6205523727332667E-009
  -465.00000000000000        5.3292516040499665E-009
  -460.00000000000011        6.1581526275902151E-009
  -455.00000000000006        7.1150375928750069E-009
  -450.00000000000006        8.2047494089435935E-009
  -445.00000000000006        9.4282838980669232E-009
  -440.00000000000006        1.0781977730708860E-008
  -435.00000000000000        1.2256949218377100E-008
  -430.00000000000011        1.3839014049941420E-008
  -425.00000000000011        1.5509380088601945E-008
  -420.00000000000006        1.7246527337996517E-008
  -415.00000000000006        1.9029804268010346E-008
  -410.00000000000006        2.0845423125710567E-008
  -405.00000000000006        2.2695717950984072E-008
  -400.00000000000011        2.4612743009699895E-008
  -395.00000000000011        2.6677539285269289E-008
  -390.00000000000006        2.9046685198878069E-008
  -385.00000000000006        3.1988076960080320E-008
  -380.00000000000006        3.5928255185235466E-008
  -375.00000000000006        4.1514007891821696E-008
  -370.00000000000006        4.9691434523928779E-008
  -365.00000000000006        6.1806148382194685E-008
  -360.00000000000006        7.9728820669074641E-008
  -355.00000000000006        1.0601082069194845E-007
  -350.00000000000006        1.4407527293520090E-007
  -345.00000000000006        1.9844941855058194E-007
  -340.00000000000006        2.7504471814659797E-007
  -335.00000000000006        3.8149164189322555E-007
  -330.00000000000006        5.2753653420477773E-007
  -325.00000000000006        7.2550828048211236E-007
  -320.00000000000006        9.9086270364751098E-007
  -315.00000000000006        1.3428126335358384E-006
  -310.00000000000006        1.8050513715976433E-006
  -305.00000000000006        2.4065767599073913E-006
  -300.00000000000006        3.1826221947505289E-006
  -295.00000000000006        4.1756996339010664E-006
  -290.00000000000006        5.4367578622068980E-006
  -285.00000000000006        7.0264569292223533E-006
  -280.00000000000000        9.0165566822595796E-006
  -275.00000000000006        1.1491413617981640E-005
  -270.00000000000006        1.4549575801335937E-005
  -265.00000000000000        1.8305460298481644E-005
  -260.00000000000006        2.2891091402140378E-005
  -255.00000000000003        2.8457870876620461E-005
  -250.00000000000003        3.5178343526952897E-005
  -245.00000000000006        4.3247912649518487E-005
  -240.00000000000003        5.2886450442582608E-005
  -235.00000000000003        6.4339738391571826E-005
  -230.00000000000006        7.7880662208687062E-005
  -225.00000000000003        9.3810075389400002E-005
  -220.00000000000003        1.1245723522742337E-004
  -215.00000000000006        1.3417970568122125E-004
  -210.00000000000003        1.5936261339281166E-004
  -205.00000000000003        1.8841713712111605E-004
  -200.00000000000006        2.2177810768158495E-004
  -195.00000000000003        2.5990059610860391E-004
  -190.00000000000003        3.0325537320654607E-004
  -185.00000000000003        3.5232313503756141E-004
  -180.00000000000003        4.0758740735916707E-004
  -175.00000000000003        4.6952606870803579E-004
  -170.00000000000003        5.3860146777221234E-004
  -165.00000000000003        6.1524915675259658E-004
  -160.00000000000003        6.9986531911402409E-004
  -155.00000000000003        7.9279303751565668E-004
  -150.00000000000003        8.9430762517794338E-004
  -145.00000000000003        1.0046013300130646E-003
  -140.00000000000000        1.1237678129668045E-003
  -135.00000000000003        1.2517868963641196E-003
  -130.00000000000003        1.3885101693521336E-003
  -125.00000000000001        1.5336481190026785E-003
  -120.00000000000001        1.6867595190004183E-003
  -115.00000000000003        1.8472438435708585E-003
  -110.00000000000001        2.0143374720672457E-003
  -105.00000000000001        2.1871143990633947E-003
  -100.00000000000003        2.3644920565495482E-003
  -95.000000000000014        2.5452426819913758E-003
  -90.000000000000014        2.7280104257773048E-003
  -85.000000000000014        2.9113340870348279E-003
  -80.000000000000014        3.0936750086416336E-003
  -75.000000000000014        3.2734492701017824E-003
  -70.000000000000000        3.4490629198148611E-003
  -65.000000000000014        3.6189486238140155E-003
  -60.000000000000007        3.7816018202729289E-003
  -55.000000000000007        3.9356143041007329E-003
  -50.000000000000014        4.0797031660740847E-003
  -45.000000000000007        4.2127332075017360E-003
  -40.000000000000007        4.3337313571094526E-003
  -35.000000000000000        4.4418922192737808E-003
  -30.000000000000004        4.5365746404558375E-003
  -25.000000000000007        4.6172900233749873E-003
  -20.000000000000004        4.6836839524064906E-003
  -15.000000000000002        4.7355134126426789E-003
  -10.000000000000002        4.7726223854755567E-003
  -5.0000000000000009        4.7949188019032621E-003
   0.0000000000000000        4.8023556836541397E-003
   5.0000000000000009        4.7949188019032621E-003
   10.000000000000002        4.7726223854755567E-003
   15.000000000000002        4.7355134126426789E-003
   20.000000000000004        4.6836839524064906E-003
   25.000000000000007        4.6172900233749873E-003
   30.000000000000004        4.5365746404558375E-003
   35.000000000000000        4.4418922192737808E-003
   40.000000000000007        4.3337313571094526E-003
   45.000000000000007        4.2127332075017360E-003
   50.000000000000014        4.0797031660740847E-003
   55.000000000000007        3.9356143041007329E-003
   60.000000000000007        3.7816018202729289E-003
   65.000000000000014        3.6189486238140155E-003
   70.000000000000000        3.4490629198148611E-003
   75.000000000000014        3.2734492701017824E-003
   80.000000000000014        3.0936750086416336E-003
   85.000000000000014        2.9113340870348279E-003
   90.000000000000014        2.7280104257773048E-003
   95.000000000000014        2.5452426819913758E-003
   100.00000000000003        2.3644920565495482E-003
   105.00000000000001        2.1871143990633947E-003
   110.00000000000001        2.0143374720672457E-003
   115.00000000000003        1.8472438435708585E-003
   120.00000000000001        1.6867595190004183E-003
   125.00000000000001        1.5336481190026785E-003
   130.00000000000003        1.3885101693521336E-003
   135.00000000000003        1.2517868963641196E-003
   140.00000000000000        1.1237678129668045E-003
   145.00000000000003        1.0046013300130646E-003
   150.00000000000003        8.9430762517794338E-004
   155.00000000000003        7.9279303751565668E-004
   160.00000000000003        6.9986531911402409E-004
   165.00000000000003        6.1524915675259658E-004
   170.00000000000003        5.3860146777221234E-004
   175.00000000000003        4.6952606870803579E-004
   180.00000000000003        4.0758740735916707E-004
   185.00000000000003        3.5232313503756141E-004
   190.00000000000003        3.0325537320654607E-004
   195.00000000000003        2.5990059610860391E-004
   200.00000000000006        2.2177810768158495E-004
   205.00000000000003        1.8841713712111605E-004
   210.00000000000003        1.5936261339281166E-004
   215.00000000000006        1.3417970568122125E-004
   220.00000000000003        1.1245723522742337E-004
   225.00000000000003        9.3810075389400002E-005
   230.00000000000006        7.7880662208687062E-005
   235.00000000000003        6.4339738391571826E-005
   240.00000000000003        5.2886450442582608E-005
   245.00000000000006        4.3247912649518487E-005
   250.00000000000003        3.5178343526952897E-005
   255.00000000000003        2.8457870876620461E-005
   260.00000000000006        2.2891091402140378E-005
   265.00000000000000        1.8305460298481644E-005
   270.00000000000006        1.4549575801335937E-005
   275.00000000000006        1.1491413617981640E-005
   280.00000000000000        9.0165566822595796E-006
   285.00000000000006        7.0264569292223533E-006
   290.00000000000006        5.4367578622068980E-006
   295.00000000000006        4.1756996339010664E-006
   300.00000000000006        3.1826221947505289E-006
   305.00000000000006        2.4065767599073913E-006
   310.00000000000006        1.8050513715976433E-006
   315.00000000000006        1.3428126335358384E-006
   320.00000000000006        9.9086270364751098E-007
   325.00000000000006        7.2550828048211236E-007
   330.00000000000006        5.2753653420477773E-007
   335.00000000000006        3.8149164189322555E-007
   340.00000000000006        2.7504471814659797E-007
   345.00000000000006        1.9844941855058194E-007
   350.00000000000006        1.4407527293520090E-007
   355.00000000000006        1.0601082069194845E-007
   360.00000000000006        7.9728820669074641E-008
   365.00000000000006        6.1806148382194685E-008
   370.00000000000006        4.9691434523928779E-008
   375.00000000000006        4.1514007891821696E-008
   380.00000000000006        3.5928255185235466E-008
   385.00000000000006        3.1988076960080320E-008
   390.00000000000006        2.9046685198878069E-008
   395.00000000000011        2.6677539285269289E-008
   400.00000000000011        2.4612743009699895E-008
   405.00000000000006        2.2695717950984072E-008
   410.00000000000006        2.0845423125710567E-008
   415.00000000000006        1.9029804268010346E-008
   420.00000000000006        1.7246527337996517E-008
   425.00000000000011        1.5509380088601945E-008
   430.00000000000011        1.3839014049941420E-008
   435.00000000000000        1.2256949218377100E-008
   440.00000000000006        1.0781977730708860E-008
   445.00000000000006        9.4282838980669232E-009
   450.00000000000006        8.2047494089435935E-009
   455.00000000000006        7.1150375928750069E-009
   460.00000000000011        6.1581526275902151E-009
   465.00000000000000        5.3292516040499665E-009
   470.00000000000006        4.6205523727332667E-009
   475.00000000000006        4.0222307808008199E-009
   480.00000000000006        3.5232397106812458E-009
   485.00000000000006        3.1120114080679722E-009
   490.00000000000011        2.7770258256675424E-009
   495.00000000000011        2.5072427215250367E-009
   500.00000000000006        2.2924053932262727E-009
