  -500.00000000000006        9.9423781421683329E-009
  -495.00000000000011        1.0765155717299107E-008
  -490.00000000000011        1.1642850705235186E-008
  -485.00000000000006        1.2622892815722935E-008
  -480.00000000000006        1.3787597335442017E-008
  -475.00000000000006        1.5268772126833234E-008
  -470.00000000000006        1.7266588385256309E-008
  -465.00000000000000        2.0073636106232885E-008
  -460.00000000000011        2.4105225683600285E-008
  -455.00000000000006        2.9937148018677189E-008
  -450.00000000000006        3.8352265464137143E-008
  -445.00000000000006        5.0397472692197326E-008
  -440.00000000000006        6.7452737249291101E-008
  -435.00000000000000        9.1314100371612821E-008
  -430.00000000000011        1.2429268487533367E-007
  -425.00000000000011        1.6933191285673404E-007
  -420.00000000000006        2.3014527468714353E-007
  -415.00000000000006        3.1137710434365445E-007
  -410.00000000000006        4.1878889525123275E-007
  -405.00000000000006        5.5947372508143140E-007
  -400.00000000000011        7.4210133572137924E-007
  -395.00000000000011        9.7719632312991584E-007
  -390.00000000000006        1.2774517172551540E-006
  -385.00000000000006        1.6580799599692375E-006
  -380.00000000000006        2.1372029038308107E-006
  -375.00000000000006        2.7362819408445419E-006
  -370.00000000000006        3.4805887127402440E-006
  -365.00000000000006        4.3997160376587096E-006
  -360.00000000000006        5.5281276986094003E-006
  -355.00000000000006        6.9057445644955406E-006
  -350.00000000000006        8.5785631452173545E-006
  -345.00000000000006        1.0599301112041056E-005
  -340.00000000000006        1.3028062541028364E-005
  -335.00000000000006        1.5933013664164033E-005
  -330.00000000000006        1.9391057749654272E-005
  -325.00000000000006        2.3488495397088951E-005
  -320.00000000000006        2.8321654051017263E-005
  -315.00000000000006        3.3997467944305449E-005
  -310.00000000000006        4.0633987028046910E-005
  -305.00000000000006        4.8360790787771783E-005
  -300.00000000000006        5.7319280259647356E-005
  -295.00000000000006        6.7662819132818084E-005
  -290.00000000000006        7.9556692657218876E-005
  -285.00000000000006        9.3177851287172623E-005
  -280.00000000000000        1.0871440471141225E-004
  -275.00000000000006        1.2636483129506294E-004
  -270.00000000000006        1.4633686814586073E-004
  -265.00000000000000        1.6884604818240590E-004
  -260.00000000000006        1.9411385289983107E-004
  -255.00000000000003        2.2236545317304957E-004
  -250.00000000000003        2.5382701558107358E-004
  -245.00000000000006        2.8872255853833379E-004
  -240.00000000000003        3.2727035112161432E-004
  -235.00000000000003        3.6967885799593230E-004
  -230.00000000000006        4.1614224634010900E-004
  -225.00000000000003        4.6683548516908045E-004
  -220.00000000000003        5.2190908389244267E-004
  -215.00000000000006        5.8148353519957600E-004
  -210.00000000000003        6.4564354718165675E-004
  -205.00000000000003        7.1443217063258595E-004
  -200.00000000000006        7.8784494922286567E-004
  -195.00000000000003        8.6582424207326026E-004
  -190.00000000000003        9.4825388937075589E-004
  -185.00000000000003        1.0349544111064389E-003
  -180.00000000000003        1.1256789456503384E-003
  -175.00000000000003        1.2201101474401165E-003
  -170.00000000000003        1.3178582701520438E-003
  -165.00000000000003        1.4184606618632513E-003
  -160.00000000000003        1.5213828903961326E-003
  -155.00000000000003        1.6260216988023550E-003
  -150.00000000000003        1.7317099614873514E-003
  -145.00000000000003        1.8377237697558516E-003
  -140.00000000000000        1.9432917209376279E-003
  -135.00000000000003        2.0476064176447261E-003
  -130.00000000000003        2.1498381037364234E-003
  -125.00000000000001        2.2491502726947150E-003
  -120.00000000000001        2.3447169847820109E-003
  -115.00000000000003        2.4357415250545506E-003
  -110.00000000000001        2.5214759295985696E-003
  -105.00000000000001        2.6012408077977101E-003
  -100.00000000000003        2.6744448004138287E-003
  -95.000000000000014        2.7406029436907319E-003
  -90.000000000000014        2.7993531656226077E-003
  -85.000000000000014        2.8504701286260728E-003
  -80.000000000000014        2.8938756587816561E-003
  -75.000000000000014        2.9296450695928088E-003
  -70.000000000000000        2.9580087996121441E-003
  -65.000000000000014        2.9793489372815338E-003
  -60.000000000000007        2.9941903987620931E-003
  -55.000000000000007        3.0031867479870852E-003
  -50.000000000000014        3.0071008922071341E-003
  -45.000000000000007        3.0067811379424865E-003
  -40.000000000000007        3.0031333368432684E-003
  -35.000000000000000        2.9970900731839164E-003
  -30.000000000000004        2.9895780298440761E-003
  -25.000000000000007        2.9814848046855239E-003
  -20.000000000000004        2.9736265240928490E-003
  -15.000000000000002        2.9667176086366639E-003
  -10.000000000000002        2.9613439850283015E-003
  -5.0000000000000009        2.9579409107338755E-003
   0.0000000000000000        2.9567763888487374E-003
   5.0000000000000009        2.9579409107338755E-003
   10.000000000000002        2.9613439850283015E-003
   15.000000000000002        2.9667176086366639E-003
   20.000000000000004        2.9736265240928490E-003
   25.000000000000007        2.9814848046855239E-003
   30.000000000000004        2.9895780298440761E-003
   35.000000000000000        2.9970900731839164E-003
   40.000000000000007        3.0031333368432684E-003
   45.000000000000007        3.0067811379424865E-003
   50.000000000000014        3.0071008922071341E-003
   55.000000000000007        3.0031867479870852E-003
   60.000000000000007        2.9941903987620931E-003
   65.000000000000014        2.9793489372815338E-003
   70.000000000000000        2.9580087996121441E-003
   75.000000000000014        2.9296450695928088E-003
   80.000000000000014        2.8938756587816561E-003
   85.000000000000014        2.8504701286260728E-003
   90.000000000000014        2.7993531656226077E-003
   95.000000000000014        2.7406029436907319E-003
   100.00000000000003        2.6744448004138287E-003
   105.00000000000001        2.6012408077977101E-003
   110.00000000000001        2.5214759295985696E-003
   115.00000000000003        2.4357415250545506E-003
   120.00000000000001        2.3447169847820109E-003
   125.00000000000001        2.2491502726947150E-003
   130.00000000000003        2.1498381037364234E-003
   135.00000000000003        2.0476064176447261E-003
   140.00000000000000        1.9432917209376279E-003
   145.00000000000003        1.8377237697558516E-003
   150.00000000000003        1.7317099614873514E-003
   155.00000000000003        1.6260216988023550E-003
   160.00000000000003        1.5213828903961326E-003
   165.00000000000003        1.4184606618632513E-003
   170.00000000000003        1.3178582701520438E-003
   175.00000000000003        1.2201101474401165E-003
   180.00000000000003        1.1256789456503384E-003
   185.00000000000003        1.0349544111064389E-003
   190.00000000000003        9.4825388937075589E-004
   195.00000000000003        8.6582424207326026E-004
   200.00000000000006        7.8784494922286567E-004
   205.00000000000003        7.1443217063258595E-004
   210.00000000000003        6.4564354718165675E-004
   215.00000000000006        5.8148353519957600E-004
   220.00000000000003        5.2190908389244267E-004
   225.00000000000003        4.6683548516908045E-004
   230.00000000000006        4.1614224634010900E-004
   235.00000000000003        3.6967885799593230E-004
   240.00000000000003        3.2727035112161432E-004
   245.00000000000006        2.8872255853833379E-004
   250.00000000000003        2.5382701558107358E-004
   255.00000000000003        2.2236545317304957E-004
   260.00000000000006        1.9411385289983107E-004
   265.00000000000000        1.6884604818240590E-004
   270.00000000000006        1.4633686814586073E-004
   275.00000000000006        1.2636483129506294E-004
   280.00000000000000        1.0871440471141225E-004
   285.00000000000006        9.3177851287172623E-005
   290.00000000000006        7.9556692657218876E-005
   295.00000000000006        6.7662819132818084E-005
   300.00000000000006        5.7319280259647356E-005
   305.00000000000006        4.8360790787771783E-005
   310.00000000000006        4.0633987028046910E-005
   315.00000000000006        3.3997467944305449E-005
   320.00000000000006        2.8321654051017263E-005
   325.00000000000006        2.3488495397088951E-005
   330.00000000000006        1.9391057749654272E-005
   335.00000000000006        1.5933013664164033E-005
   340.00000000000006        1.3028062541028364E-005
   345.00000000000006        1.0599301112041056E-005
   350.00000000000006        8.5785631452173545E-006
   355.00000000000006        6.9057445644955406E-006
   360.00000000000006        5.5281276986094003E-006
   365.00000000000006        4.3997160376587096E-006
   370.00000000000006        3.4805887127402440E-006
   375.00000000000006        2.7362819408445419E-006
   380.00000000000006        2.1372029038308107E-006
   385.00000000000006        1.6580799599692375E-006
   390.00000000000006        1.2774517172551540E-006
   395.00000000000011        9.7719632312991584E-007
   400.00000000000011        7.4210133572137924E-007
   405.00000000000006        5.5947372508143140E-007
   410.00000000000006        4.1878889525123275E-007
   415.00000000000006        3.1137710434365445E-007
   420.00000000000006        2.3014527468714353E-007
   425.00000000000011        1.6933191285673404E-007
   430.00000000000011        1.2429268487533367E-007
   435.00000000000000        9.1314100371612821E-008
   440.00000000000006        6.7452737249291101E-008
   445.00000000000006        5.0397472692197326E-008
   450.00000000000006        3.8352265464137143E-008
   455.00000000000006        2.9937148018677189E-008
   460.00000000000011        2.4105225683600285E-008
   465.00000000000000        2.0073636106232885E-008
   470.00000000000006        1.7266588385256309E-008
   475.00000000000006        1.5268772126833234E-008
   480.00000000000006        1.3787597335442017E-008
   485.00000000000006        1.2622892815722935E-008
   490.00000000000011        1.1642850705235186E-008
   495.00000000000011        1.0765155717299107E-008
   500.00000000000006        9.9423781421683329E-009
