  -500.00000000000006        2.3834376054826824E-009
  -495.00000000000011        2.6277864346419259E-009
  -490.00000000000011        2.9232159454997046E-009
  -485.00000000000006        3.2757071470917334E-009
  -480.00000000000006        3.6908860055166485E-009
  -475.00000000000006        4.1736517788842194E-009
  -470.00000000000006        4.7277395539835065E-009
  -465.00000000000000        5.3552378960149453E-009
  -460.00000000000011        6.0560994565318640E-009
  -455.00000000000006        6.8277050145091246E-009
  -450.00000000000006        7.6645710558369711E-009
  -445.00000000000006        8.5583291418275774E-009
  -440.00000000000006        9.4981537063162497E-009
  -435.00000000000000        1.0471875494672594E-008
  -430.00000000000011        1.1468092759412564E-008
  -425.00000000000011        1.2479683880285092E-008
  -420.00000000000006        1.3509235754570094E-008
  -415.00000000000006        1.4577034678845206E-008
  -410.00000000000006        1.5732423123439462E-008
  -405.00000000000006        1.7069509339262066E-008
  -400.00000000000011        1.8748429527730340E-008
  -395.00000000000011        2.1023606453312754E-008
  -390.00000000000006        2.4280725548971873E-008
  -385.00000000000006        2.9084460802348636E-008
  -380.00000000000006        3.6239328231523840E-008
  -375.00000000000006        4.6866423709098241E-008
  -370.00000000000006        6.2499212068530032E-008
  -365.00000000000006        8.5201971963034968E-008
  -360.00000000000006        1.1771495998089264E-007
  -355.00000000000006        1.6363082982526143E-007
  -350.00000000000006        2.2760731697127880E-007
  -345.00000000000006        3.1562166200656160E-007
  -340.00000000000006        4.3527267917946758E-007
  -335.00000000000006        5.9613675889466853E-007
  -330.00000000000006        8.1018439802069877E-007
  -325.00000000000006        1.0922640492182150E-006
  -320.00000000000006        1.4606601344073687E-006
  -315.00000000000006        1.9377319372188316E-006
  -310.00000000000006        2.5506397289966879E-006
  -305.00000000000006        3.3321638419593288E-006
  -300.00000000000006        4.3216214263582499E-006
  -295.00000000000006        5.5658842570335284E-006
  -290.00000000000006        7.1204991270427825E-006
  -285.00000000000006        9.0509100191282104E-006
  -280.00000000000000        1.1433778317408555E-005
  -275.00000000000006        1.4358393752728496E-005
  -270.00000000000006        1.7928164512776921E-005
  -265.00000000000000        2.2262169949774517E-005
  -260.00000000000006        2.7496753556295700E-005
  -255.00000000000003        3.3787127345683932E-005
  -250.00000000000003        4.1308951485693482E-005
  -245.00000000000006        5.0259845043758169E-005
  -240.00000000000003        6.0860775102116900E-005
  -235.00000000000003        7.3357262433536446E-005
  -230.00000000000006        8.8020332595956568E-005
  -225.00000000000003        1.0514713197933366E-004
  -220.00000000000003        1.2506111937238141E-004
  -215.00000000000006        1.4811173545210187E-004
  -210.00000000000003        1.7467344577333174E-004
  -205.00000000000003        2.0514404799013719E-004
  -200.00000000000006        2.3994213192177248E-004
  -195.00000000000003        2.7950358253068223E-004
  -190.00000000000003        3.2427702184705686E-004
  -185.00000000000003        3.7471809736161791E-004
  -180.00000000000003        4.3128254245792185E-004
  -175.00000000000003        4.9441796009261699E-004
  -170.00000000000003        5.6455431509278757E-004
  -165.00000000000003        6.4209316387637107E-004
  -160.00000000000003        7.2739570356453349E-004
  -155.00000000000003        8.2076978534702553E-004
  -150.00000000000003        9.2245610897050221E-004
  -145.00000000000003        1.0326138949313434E-003
  -140.00000000000000        1.1513064159574238E-003
  -135.00000000000003        1.2784868560649267E-003
  -130.00000000000003        1.4139850489544889E-003
  -125.00000000000001        1.5574957214392229E-003
  -120.00000000000001        1.7085689242862280E-003
  -115.00000000000003        1.8666033634637555E-003
  -110.00000000000001        2.0308433397603861E-003
  -105.00000000000001        2.2003799545098081E-003
  -100.00000000000003        2.3741571351342389E-003
  -95.000000000000014        2.5509828701243652E-003
  -90.000000000000014        2.7295458164613650E-003
  -85.000000000000014        2.9084371564282365E-003
  -80.000000000000014        3.0861772454249523E-003
  -75.000000000000014        3.2612462262620011E-003
  -70.000000000000000        3.4321174156682057E-003
  -65.000000000000014        3.5972919306468303E-003
  -60.000000000000007        3.7553327569027229E-003
  -55.000000000000007        3.9048963117981274E-003
  -50.000000000000014        4.0447595594944874E-003
  -45.000000000000007        4.1738409250524824E-003
  -40.000000000000007        4.2912136388336460E-003
  -35.000000000000000        4.3961107106107481E-003
  -30.000000000000004        4.4879214452364768E-003
  -25.000000000000007        4.5661802025196352E-003
  -20.000000000000004        4.6305488853119600E-003
  -15.000000000000002        4.6807953123037061E-003
  -10.000000000000002        4.7167700988776876E-003
  -5.0000000000000009        4.7383848525949608E-003
   0.0000000000000000        4.7455943453708965E-003
   5.0000000000000009        4.7383848525949608E-003
   10.000000000000002        4.7167700988776876E-003
   15.000000000000002        4.6807953123037061E-003
   20.000000000000004        4.6305488853119600E-003
   25.000000000000007        4.5661802025196352E-003
   30.000000000000004        4.4879214452364768E-003
   35.000000000000000        4.3961107106107481E-003
   40.000000000000007        4.2912136388336460E-003
   45.000000000000007        4.1738409250524824E-003
   50.000000000000014        4.0447595594944874E-003
   55.000000000000007        3.9048963117981274E-003
   60.000000000000007        3.7553327569027229E-003
   65.000000000000014        3.5972919306468303E-003
   70.000000000000000        3.4321174156682057E-003
   75.000000000000014        3.2612462262620011E-003
   80.000000000000014        3.0861772454249523E-003
   85.000000000000014        2.9084371564282365E-003
   90.000000000000014        2.7295458164613650E-003
   95.000000000000014        2.5509828701243652E-003
   100.00000000000003        2.3741571351342389E-003
   105.00000000000001        2.2003799545098081E-003
   110.00000000000001        2.0308433397603861E-003
   115.00000000000003        1.8666033634637555E-003
   120.00000000000001        1.7085689242862280E-003
   125.00000000000001        1.5574957214392229E-003
   130.00000000000003        1.4139850489544889E-003
   135.00000000000003        1.2784868560649267E-003
   140.00000000000000        1.1513064159574238E-003
   145.00000000000003        1.0326138949313434E-003
   150.00000000000003        9.2245610897050221E-004
   155.00000000000003        8.2076978534702553E-004
   160.00000000000003        7.2739570356453349E-004
   165.00000000000003        6.4209316387637107E-004
   170.00000000000003        5.6455431509278757E-004
   175.00000000000003        4.9441796009261699E-004
   180.00000000000003        4.3128254245792185E-004
   185.00000000000003        3.7471809736161791E-004
   190.00000000000003        3.2427702184705686E-004
   195.00000000000003        2.7950358253068223E-004
   200.00000000000006        2.3994213192177248E-004
   205.00000000000003        2.0514404799013719E-004
   210.00000000000003        1.7467344577333174E-004
   215.00000000000006        1.4811173545210187E-004
   220.00000000000003        1.2506111937238141E-004
   225.00000000000003        1.0514713197933366E-004
   230.00000000000006        8.8020332595956568E-005
   235.00000000000003        7.3357262433536446E-005
   240.00000000000003        6.0860775102116900E-005
   245.00000000000006        5.0259845043758169E-005
   250.00000000000003        4.1308951485693482E-005
   255.00000000000003        3.3787127345683932E-005
   260.00000000000006        2.7496753556295700E-005
   265.00000000000000        2.2262169949774517E-005
   270.00000000000006        1.7928164512776921E-005
   275.00000000000006        1.4358393752728496E-005
   280.00000000000000        1.1433778317408555E-005
   285.00000000000006        9.0509100191282104E-006
   290.00000000000006        7.1204991270427825E-006
   295.00000000000006        5.5658842570335284E-006
   300.00000000000006        4.3216214263582499E-006
   305.00000000000006        3.3321638419593288E-006
   310.00000000000006        2.5506397289966879E-006
   315.00000000000006        1.9377319372188316E-006
   320.00000000000006        1.4606601344073687E-006
   325.00000000000006        1.0922640492182150E-006
   330.00000000000006        8.1018439802069877E-007
   335.00000000000006        5.9613675889466853E-007
   340.00000000000006        4.3527267917946758E-007
   345.00000000000006        3.1562166200656160E-007
   350.00000000000006        2.2760731697127880E-007
   355.00000000000006        1.6363082982526143E-007
   360.00000000000006        1.1771495998089264E-007
   365.00000000000006        8.5201971963034968E-008
   370.00000000000006        6.2499212068530032E-008
   375.00000000000006        4.6866423709098241E-008
   380.00000000000006        3.6239328231523840E-008
   385.00000000000006        2.9084460802348636E-008
   390.00000000000006        2.4280725548971873E-008
   395.00000000000011        2.1023606453312754E-008
   400.00000000000011        1.8748429527730340E-008
   405.00000000000006        1.7069509339262066E-008
   410.00000000000006        1.5732423123439462E-008
   415.00000000000006        1.4577034678845206E-008
   420.00000000000006        1.3509235754570094E-008
   425.00000000000011        1.2479683880285092E-008
   430.00000000000011        1.1468092759412564E-008
   435.00000000000000        1.0471875494672594E-008
   440.00000000000006        9.4981537063162497E-009
   445.00000000000006        8.5583291418275774E-009
   450.00000000000006        7.6645710558369711E-009
   455.00000000000006        6.8277050145091246E-009
   460.00000000000011        6.0560994565318640E-009
   465.00000000000000        5.3552378960149453E-009
   470.00000000000006        4.7277395539835065E-009
   475.00000000000006        4.1736517788842194E-009
   480.00000000000006        3.6908860055166485E-009
   485.00000000000006        3.2757071470917334E-009
   490.00000000000011        2.9232159454997046E-009
   495.00000000000011        2.6277864346419259E-009
   500.00000000000006        2.3834376054826824E-009
