  -500.00000000000006        6.3682794537672106E-009
  -495.00000000000011        7.0696641566539511E-009
  -490.00000000000011        8.8671083390206281E-009
  -485.00000000000006        1.2225977300448766E-008
  -480.00000000000006        1.7742747503846495E-008
  -475.00000000000006        2.6172936101445028E-008
  -470.00000000000006        3.8463397639811653E-008
  -465.00000000000000        5.5789356460025333E-008
  -460.00000000000011        7.9596507896242021E-008
  -455.00000000000006        1.1164846713067600E-007
  -450.00000000000006        1.5407976836837835E-007
  -445.00000000000006        2.0945451563327913E-007
  -440.00000000000006        2.8083065673413548E-007
  -435.00000000000000        3.7182969070540560E-007
  -430.00000000000011        4.8671142347493738E-007
  -425.00000000000011        6.3045315430336383E-007
  -420.00000000000006        8.0883240503756296E-007
  -415.00000000000006        1.0285119947441962E-006
  -410.00000000000006        1.2971259144223082E-006
  -405.00000000000006        1.6233640724057342E-006
  -400.00000000000011        2.0170535648688299E-006
  -395.00000000000011        2.4892336839705885E-006
  -390.00000000000006        3.0522214177467835E-006
  -385.00000000000006        3.7196637331191455E-006
  -380.00000000000006        4.5065724820504951E-006
  -375.00000000000006        5.4293373504965680E-006
  -370.00000000000006        6.5057119041154144E-006
  -365.00000000000006        7.7547675018392085E-006
  -360.00000000000006        9.1968096811171189E-006
  -355.00000000000006        1.0853251604234620E-005
  -350.00000000000006        1.2746439335420999E-005
  -345.00000000000006        1.4899424139429269E-005
  -340.00000000000006        1.7335677703423310E-005
  -335.00000000000006        2.0078747237517285E-005
  -330.00000000000006        2.3151848858796770E-005
  -325.00000000000006        2.6577399562495022E-005
  -320.00000000000006        3.0376490483267742E-005
  -315.00000000000006        3.4568307095288311E-005
  -310.00000000000006        3.9169505530116633E-005
  -305.00000000000006        4.4193558331946183E-005
  -300.00000000000006        4.9650087730540579E-005
  -295.00000000000006        5.5544209881176155E-005
  -290.00000000000006        6.1875919459461015E-005
  -285.00000000000006        6.8639550435114620E-005
  -280.00000000000000        7.5823355671030397E-005
  -275.00000000000006        8.3409255043907164E-005
  -270.00000000000006        9.1372808848508142E-005
  -265.00000000000000        9.9683480056790897E-005
  -260.00000000000006        1.0830525521668299E-004
  -255.00000000000003        1.1719769898212740E-004
  -250.00000000000003        1.2631752097965617E-004
  -245.00000000000006        1.3562073537371248E-004
  -240.00000000000003        1.4506549245480013E-004
  -235.00000000000003        1.5461565713379327E-004
  -230.00000000000006        1.6424520061724678E-004
  -225.00000000000003        1.7394345795745860E-004
  -220.00000000000003        1.8372128479899721E-004
  -215.00000000000006        1.9361812068421487E-004
  -210.00000000000003        2.0370993300696048E-004
  -205.00000000000003        2.1411797451795136E-004
  -200.00000000000006        2.2501823779085385E-004
  -195.00000000000003        2.3665143214860788E-004
  -190.00000000000003        2.4933324251051944E-004
  -185.00000000000003        2.6346455624496793E-004
  -180.00000000000003        2.7954126482581304E-004
  -175.00000000000003        2.9816316408179291E-004
  -170.00000000000003        3.2004139317788242E-004
  -165.00000000000003        3.4600377226194471E-004
  -160.00000000000003        3.7699732712647051E-004
  -155.00000000000003        4.1408723257963962E-004
  -150.00000000000003        4.5845137189219528E-004
  -145.00000000000003        5.1136970604717777E-004
  -140.00000000000000        5.7420768262635927E-004
  -135.00000000000003        6.4839299935358829E-004
  -130.00000000000003        7.3538518058076027E-004
  -125.00000000000001        8.3663763419872684E-004
  -120.00000000000001        9.5355213726546558E-004
  -115.00000000000003        1.0874260533705975E-003
  -110.00000000000001        1.2393930109787616E-003
  -105.00000000000001        1.4103582611862996E-003
  -100.00000000000003        1.6009304695652410E-003
  -95.000000000000014        1.8113522557475035E-003
  -90.000000000000014        2.0414323429570652E-003
  -85.000000000000014        2.2904826761246024E-003
  -80.000000000000014        2.5572642626358346E-003
  -75.000000000000014        2.8399457307345119E-003
  -70.000000000000000        3.1360786331243668E-003
  -65.000000000000014        3.4425932981582657E-003
  -60.000000000000007        3.7558185100769882E-003
  -55.000000000000007        4.0715274630368980E-003
  -50.000000000000014        4.3850112858271409E-003
  -45.000000000000007        4.6911800099901160E-003
  -40.000000000000007        4.9846892213465535E-003
  -35.000000000000000        5.2600888940630792E-003
  -30.000000000000004        5.5119891855397755E-003
  -25.000000000000007        5.7352364161424663E-003
  -20.000000000000004        5.9250912217108280E-003
  -15.000000000000002        6.0774000888719499E-003
  -10.000000000000002        6.1887512744640419E-003
  -5.0000000000000009        6.2566065366492229E-003
   0.0000000000000000        6.2794011751199780E-003
   5.0000000000000009        6.2566065366492229E-003
   10.000000000000002        6.1887512744640419E-003
   15.000000000000002        6.0774000888719499E-003
   20.000000000000004        5.9250912217108280E-003
   25.000000000000007        5.7352364161424663E-003
   30.000000000000004        5.5119891855397755E-003
   35.000000000000000        5.2600888940630792E-003
   40.000000000000007        4.9846892213465535E-003
   45.000000000000007        4.6911800099901160E-003
   50.000000000000014        4.3850112858271409E-003
   55.000000000000007        4.0715274630368980E-003
   60.000000000000007        3.7558185100769882E-003
   65.000000000000014        3.4425932981582657E-003
   70.000000000000000        3.1360786331243668E-003
   75.000000000000014        2.8399457307345119E-003
   80.000000000000014        2.5572642626358346E-003
   85.000000000000014        2.2904826761246024E-003
   90.000000000000014        2.0414323429570652E-003
   95.000000000000014        1.8113522557475035E-003
   100.00000000000003        1.6009304695652410E-003
   105.00000000000001        1.4103582611862996E-003
   110.00000000000001        1.2393930109787616E-003
   115.00000000000003        1.0874260533705975E-003
   120.00000000000001        9.5355213726546558E-004
   125.00000000000001        8.3663763419872684E-004
   130.00000000000003        7.3538518058076027E-004
   135.00000000000003        6.4839299935358829E-004
   140.00000000000000        5.7420768262635927E-004
   145.00000000000003        5.1136970604717777E-004
   150.00000000000003        4.5845137189219528E-004
   155.00000000000003        4.1408723257963962E-004
   160.00000000000003        3.7699732712647051E-004
   165.00000000000003        3.4600377226194471E-004
   170.00000000000003        3.2004139317788242E-004
   175.00000000000003        2.9816316408179291E-004
   180.00000000000003        2.7954126482581304E-004
   185.00000000000003        2.6346455624496793E-004
   190.00000000000003        2.4933324251051944E-004
   195.00000000000003        2.3665143214860788E-004
   200.00000000000006        2.2501823779085385E-004
   205.00000000000003        2.1411797451795136E-004
   210.00000000000003        2.0370993300696048E-004
   215.00000000000006        1.9361812068421487E-004
   220.00000000000003        1.8372128479899721E-004
   225.00000000000003        1.7394345795745860E-004
   230.00000000000006        1.6424520061724678E-004
   235.00000000000003        1.5461565713379327E-004
   240.00000000000003        1.4506549245480013E-004
   245.00000000000006        1.3562073537371248E-004
   250.00000000000003        1.2631752097965617E-004
   255.00000000000003        1.1719769898212740E-004
   260.00000000000006        1.0830525521668299E-004
   265.00000000000000        9.9683480056790897E-005
   270.00000000000006        9.1372808848508142E-005
   275.00000000000006        8.3409255043907164E-005
   280.00000000000000        7.5823355671030397E-005
   285.00000000000006        6.8639550435114620E-005
   290.00000000000006        6.1875919459461015E-005
   295.00000000000006        5.5544209881176155E-005
   300.00000000000006        4.9650087730540579E-005
   305.00000000000006        4.4193558331946183E-005
   310.00000000000006        3.9169505530116633E-005
   315.00000000000006        3.4568307095288311E-005
   320.00000000000006        3.0376490483267742E-005
   325.00000000000006        2.6577399562495022E-005
   330.00000000000006        2.3151848858796770E-005
   335.00000000000006        2.0078747237517285E-005
   340.00000000000006        1.7335677703423310E-005
   345.00000000000006        1.4899424139429269E-005
   350.00000000000006        1.2746439335420999E-005
   355.00000000000006        1.0853251604234620E-005
   360.00000000000006        9.1968096811171189E-006
   365.00000000000006        7.7547675018392085E-006
   370.00000000000006        6.5057119041154144E-006
   375.00000000000006        5.4293373504965680E-006
   380.00000000000006        4.5065724820504951E-006
   385.00000000000006        3.7196637331191455E-006
   390.00000000000006        3.0522214177467835E-006
   395.00000000000011        2.4892336839705885E-006
   400.00000000000011        2.0170535648688299E-006
   405.00000000000006        1.6233640724057342E-006
   410.00000000000006        1.2971259144223082E-006
   415.00000000000006        1.0285119947441962E-006
   420.00000000000006        8.0883240503756296E-007
   425.00000000000011        6.3045315430336383E-007
   430.00000000000011        4.8671142347493738E-007
   435.00000000000000        3.7182969070540560E-007
   440.00000000000006        2.8083065673413548E-007
   445.00000000000006        2.0945451563327913E-007
   450.00000000000006        1.5407976836837835E-007
   455.00000000000006        1.1164846713067600E-007
   460.00000000000011        7.9596507896242021E-008
   465.00000000000000        5.5789356460025333E-008
   470.00000000000006        3.8463397639811653E-008
   475.00000000000006        2.6172936101445028E-008
   480.00000000000006        1.7742747503846495E-008
   485.00000000000006        1.2225977300448766E-008
   490.00000000000011        8.8671083390206281E-009
   495.00000000000011        7.0696641566539511E-009
   500.00000000000006        6.3682794537672106E-009
