  -500.00000000000006        8.0084163209371622E-009
  -495.00000000000011        8.7569163882948981E-009
  -490.00000000000011        9.5257766515923470E-009
  -485.00000000000006        1.0323774689352443E-008
  -480.00000000000006        1.1175423771256498E-008
  -475.00000000000006        1.2129459003745164E-008
  -470.00000000000006        1.3270195158344414E-008
  -465.00000000000000        1.4732461113819202E-008
  -460.00000000000011        1.6720941551369479E-008
  -455.00000000000006        1.9534895847053652E-008
  -450.00000000000006        2.3599376730512083E-008
  -445.00000000000006        2.9504236471495583E-008
  -440.00000000000006        3.8052384791078982E-008
  -435.00000000000000        5.0318948372956626E-008
  -430.00000000000011        6.7723173988537857E-008
  -425.00000000000011        9.2115112168153375E-008
  -420.00000000000006        1.2587931136065048E-007
  -415.00000000000006        1.7205793781862243E-007
  -410.00000000000006        2.3449590700537050E-007
  -405.00000000000006        3.1801075982591147E-007
  -400.00000000000011        4.2859013176473899E-007
  -395.00000000000011        5.7361973399785808E-007
  -390.00000000000006        7.6214478025336079E-007
  -385.00000000000006        1.0051677377422098E-006
  -380.00000000000006        1.3159851396428435E-006
  -375.00000000000006        1.7105659539398509E-006
  -370.00000000000006        2.2079736413750550E-006
  -365.00000000000006        2.8308335355664959E-006
  -360.00000000000006        3.6058465222473072E-006
  -355.00000000000006        4.5643491633352279E-006
  -350.00000000000006        5.7429193869636155E-006
  -345.00000000000006        7.1840256296576252E-006
  -340.00000000000006        8.9367158564143078E-006
  -335.00000000000006        1.1057341186252108E-005
  -330.00000000000006        1.3610306906401972E-005
  -325.00000000000006        1.6668841464351675E-005
  -320.00000000000006        2.0315771586468513E-005
  -315.00000000000006        2.4644288995799442E-005
  -310.00000000000006        2.9758691310147879E-005
  -305.00000000000006        3.5775076625858337E-005
  -300.00000000000006        4.2821968076684857E-005
  -295.00000000000006        5.1040841358702007E-005
  -290.00000000000006        6.0586524905376427E-005
  -285.00000000000006        7.1627439173187532E-005
  -280.00000000000000        8.4345638468137307E-005
  -275.00000000000006        9.8936616037995981E-005
  -270.00000000000006        1.1560883092606516E-004
  -265.00000000000000        1.3458291350276476E-004
  -260.00000000000006        1.5609050585541995E-004
  -255.00000000000003        1.8037269353781614E-004
  -250.00000000000003        2.0767798679045463E-004
  -245.00000000000006        2.3825981248523542E-004
  -240.00000000000003        2.7237348297903569E-004
  -235.00000000000003        3.1027261503648311E-004
  -230.00000000000006        3.5220498125358680E-004
  -225.00000000000003        3.9840778821285689E-004
  -220.00000000000003        4.4910239012587512E-004
  -215.00000000000006        5.0448846411875134E-004
  -210.00000000000003        5.6473769366484968E-004
  -205.00000000000003        6.2998702994622945E-004
  -200.00000000000006        7.0033162698407046E-004
  -195.00000000000003        7.7581757491631154E-004
  -190.00000000000003        8.5643458632511085E-004
  -185.00000000000003        9.4210882230919609E-004
  -180.00000000000003        1.0326960770788525E-003
  -175.00000000000003        1.1279755709559167E-003
  -170.00000000000003        1.2276446302073125E-003
  -165.00000000000003        1.3313145562252986E-003
  -160.00000000000003        1.4385080039739857E-003
  -155.00000000000003        1.5486581978532016E-003
  -150.00000000000003        1.6611103094765160E-003
  -145.00000000000003        1.7751253035025853E-003
  -140.00000000000000        1.8898865218289218E-003
  -135.00000000000003        2.0045092206438602E-003
  -130.00000000000003        2.1180531970510000E-003
  -125.00000000000001        2.2295385410896549E-003
  -120.00000000000001        2.3379644250399491E-003
  -115.00000000000003        2.4423306965706739E-003
  -110.00000000000001        2.5416618791570828E-003
  -105.00000000000001        2.6350330081062394E-003
  -100.00000000000003        2.7215965517440738E-003
  -95.000000000000014        2.8006094955167920E-003
  -90.000000000000014        2.8714595147555145E-003
  -85.000000000000014        2.9336890440125143E-003
  -80.000000000000014        2.9870159821738713E-003
  -75.000000000000014        3.0313497672773055E-003
  -70.000000000000000        3.0668016251510001E-003
  -65.000000000000014        3.0936879496956437E-003
  -60.000000000000007        3.1125260122591924E-003
  -55.000000000000007        3.1240215184749906E-003
  -50.000000000000014        3.1290479206905935E-003
  -45.000000000000007        3.1286178324287294E-003
  -40.000000000000007        3.1238473510769556E-003
  -35.000000000000000        3.1159145442102181E-003
  -30.000000000000004        3.1060137595452352E-003
  -25.000000000000007        3.0953077456637472E-003
  -20.000000000000004        3.0848797920500957E-003
  -15.000000000000002        3.0756881918793341E-003
  -10.000000000000002        3.0685252881254891E-003
  -5.0000000000000009        3.0639831821966468E-003
   0.0000000000000000        3.0624278740328057E-003
   5.0000000000000009        3.0639831821966468E-003
   10.000000000000002        3.0685252881254891E-003
   15.000000000000002        3.0756881918793341E-003
   20.000000000000004        3.0848797920500957E-003
   25.000000000000007        3.0953077456637472E-003
   30.000000000000004        3.1060137595452352E-003
   35.000000000000000        3.1159145442102181E-003
   40.000000000000007        3.1238473510769556E-003
   45.000000000000007        3.1286178324287294E-003
   50.000000000000014        3.1290479206905935E-003
   55.000000000000007        3.1240215184749906E-003
   60.000000000000007        3.1125260122591924E-003
   65.000000000000014        3.0936879496956437E-003
   70.000000000000000        3.0668016251510001E-003
   75.000000000000014        3.0313497672773055E-003
   80.000000000000014        2.9870159821738713E-003
   85.000000000000014        2.9336890440125143E-003
   90.000000000000014        2.8714595147555145E-003
   95.000000000000014        2.8006094955167920E-003
   100.00000000000003        2.7215965517440738E-003
   105.00000000000001        2.6350330081062394E-003
   110.00000000000001        2.5416618791570828E-003
   115.00000000000003        2.4423306965706739E-003
   120.00000000000001        2.3379644250399491E-003
   125.00000000000001        2.2295385410896549E-003
   130.00000000000003        2.1180531970510000E-003
   135.00000000000003        2.0045092206438602E-003
   140.00000000000000        1.8898865218289218E-003
   145.00000000000003        1.7751253035025853E-003
   150.00000000000003        1.6611103094765160E-003
   155.00000000000003        1.5486581978532016E-003
   160.00000000000003        1.4385080039739857E-003
   165.00000000000003        1.3313145562252986E-003
   170.00000000000003        1.2276446302073125E-003
   175.00000000000003        1.1279755709559167E-003
   180.00000000000003        1.0326960770788525E-003
   185.00000000000003        9.4210882230919609E-004
   190.00000000000003        8.5643458632511085E-004
   195.00000000000003        7.7581757491631154E-004
   200.00000000000006        7.0033162698407046E-004
   205.00000000000003        6.2998702994622945E-004
   210.00000000000003        5.6473769366484968E-004
   215.00000000000006        5.0448846411875134E-004
   220.00000000000003        4.4910239012587512E-004
   225.00000000000003        3.9840778821285689E-004
   230.00000000000006        3.5220498125358680E-004
   235.00000000000003        3.1027261503648311E-004
   240.00000000000003        2.7237348297903569E-004
   245.00000000000006        2.3825981248523542E-004
   250.00000000000003        2.0767798679045463E-004
   255.00000000000003        1.8037269353781614E-004
   260.00000000000006        1.5609050585541995E-004
   265.00000000000000        1.3458291350276476E-004
   270.00000000000006        1.1560883092606516E-004
   275.00000000000006        9.8936616037995981E-005
   280.00000000000000        8.4345638468137307E-005
   285.00000000000006        7.1627439173187532E-005
   290.00000000000006        6.0586524905376427E-005
   295.00000000000006        5.1040841358702007E-005
   300.00000000000006        4.2821968076684857E-005
   305.00000000000006        3.5775076625858337E-005
   310.00000000000006        2.9758691310147879E-005
   315.00000000000006        2.4644288995799442E-005
   320.00000000000006        2.0315771586468513E-005
   325.00000000000006        1.6668841464351675E-005
   330.00000000000006        1.3610306906401972E-005
   335.00000000000006        1.1057341186252108E-005
   340.00000000000006        8.9367158564143078E-006
   345.00000000000006        7.1840256296576252E-006
   350.00000000000006        5.7429193869636155E-006
   355.00000000000006        4.5643491633352279E-006
   360.00000000000006        3.6058465222473072E-006
   365.00000000000006        2.8308335355664959E-006
   370.00000000000006        2.2079736413750550E-006
   375.00000000000006        1.7105659539398509E-006
   380.00000000000006        1.3159851396428435E-006
   385.00000000000006        1.0051677377422098E-006
   390.00000000000006        7.6214478025336079E-007
   395.00000000000011        5.7361973399785808E-007
   400.00000000000011        4.2859013176473899E-007
   405.00000000000006        3.1801075982591147E-007
   410.00000000000006        2.3449590700537050E-007
   415.00000000000006        1.7205793781862243E-007
   420.00000000000006        1.2587931136065048E-007
   425.00000000000011        9.2115112168153375E-008
   430.00000000000011        6.7723173988537857E-008
   435.00000000000000        5.0318948372956626E-008
   440.00000000000006        3.8052384791078982E-008
   445.00000000000006        2.9504236471495583E-008
   450.00000000000006        2.3599376730512083E-008
   455.00000000000006        1.9534895847053652E-008
   460.00000000000011        1.6720941551369479E-008
   465.00000000000000        1.4732461113819202E-008
   470.00000000000006        1.3270195158344414E-008
   475.00000000000006        1.2129459003745164E-008
   480.00000000000006        1.1175423771256498E-008
   485.00000000000006        1.0323774689352443E-008
   490.00000000000011        9.5257766515923470E-009
   495.00000000000011        8.7569163882948981E-009
   500.00000000000006        8.0084163209371622E-009
