  -500.00000000000006        1.3154407183931107E-031
  -495.00000000000011        7.2148507446846550E-007
  -490.00000000000011        1.0552460139405986E-006
  -485.00000000000006        1.3795640111748959E-006
  -480.00000000000006        1.6559537334364414E-006
  -475.00000000000006        1.9734880148982028E-006
  -470.00000000000006        2.2332507043164758E-006
  -465.00000000000000        2.4618538247682787E-006
  -460.00000000000011        2.7498362220616642E-006
  -455.00000000000006        2.9679688570691939E-006
  -450.00000000000006        3.1757803214873783E-006
  -445.00000000000006        3.3712299467687353E-006
  -440.00000000000006        3.5532304929611370E-006
  -435.00000000000000        3.7221074481785586E-006
  -430.00000000000011        3.8797960443429740E-006
  -425.00000000000011        3.9684043936341771E-006
  -420.00000000000006        4.1192111120030976E-006
  -415.00000000000006        4.2468068320785775E-006
  -410.00000000000006        4.4256914078098369E-006
  -405.00000000000006        4.5766482431048416E-006
  -400.00000000000011        4.8112705456368055E-006
  -395.00000000000011        5.1501528860626015E-006
  -390.00000000000006        5.5222194497076740E-006
  -385.00000000000006        6.0477380298468690E-006
  -380.00000000000006        6.6915712087544211E-006
  -375.00000000000006        7.5798053846691839E-006
  -370.00000000000006        8.6461982367959851E-006
  -365.00000000000006        9.9225291590349163E-006
  -360.00000000000006        1.1499830944345371E-005
  -355.00000000000006        1.3343979789740564E-005
  -350.00000000000006        1.5541798557595401E-005
  -345.00000000000006        1.8048181748347631E-005
  -340.00000000000006        2.0936196500278540E-005
  -335.00000000000006        2.4148371273399319E-005
  -330.00000000000006        2.7742306360445865E-005
  -325.00000000000006        3.1607770099140243E-005
  -320.00000000000006        3.5813194399047150E-005
  -315.00000000000006        4.0325334878078322E-005
  -310.00000000000006        4.5026272889354423E-005
  -305.00000000000006        4.9916052661326615E-005
  -300.00000000000006        5.4831234420926827E-005
  -295.00000000000006        5.9789023457607946E-005
  -290.00000000000006        6.4704497483396433E-005
  -285.00000000000006        6.9430115249445652E-005
  -280.00000000000000        7.3886500765401209E-005
  -275.00000000000006        7.8097545659825519E-005
  -270.00000000000006        8.1912433881540367E-005
  -265.00000000000000        8.5305289882090321E-005
  -260.00000000000006        8.8373466920631786E-005
  -255.00000000000003        9.1070460009948733E-005
  -250.00000000000003        9.3502417443383924E-005
  -245.00000000000006        9.5923611311704338E-005
  -240.00000000000003        9.8436461546277303E-005
  -235.00000000000003        1.0146272418609543E-004
  -230.00000000000006        1.0534957574903345E-004
  -225.00000000000003        1.1069229394576679E-004
  -220.00000000000003        1.1796441138421620E-004
  -215.00000000000006        1.2795838207404529E-004
  -210.00000000000003        1.4141161807592543E-004
  -205.00000000000003        1.5931264135676346E-004
  -200.00000000000006        1.8254905128577416E-004
  -195.00000000000003        2.1221021146739118E-004
  -190.00000000000003        2.4929184531568795E-004
  -185.00000000000003        2.9492931371240759E-004
  -180.00000000000003        3.5024883745821215E-004
  -175.00000000000003        4.1615829042784233E-004
  -170.00000000000003        4.9367520145390147E-004
  -165.00000000000003        5.8367463242076643E-004
  -160.00000000000003        6.8664813592526138E-004
  -155.00000000000003        8.0300474149645447E-004
  -150.00000000000003        9.3276445156261119E-004
  -145.00000000000003        1.0758612974447420E-003
  -140.00000000000000        1.2317531447764447E-003
  -135.00000000000003        1.3995284421494990E-003
  -130.00000000000003        1.5779390308910553E-003
  -125.00000000000001        1.7654070126519382E-003
  -120.00000000000001        1.9598393546873664E-003
  -115.00000000000003        2.1587542503203080E-003
  -110.00000000000001        2.3597341731283130E-003
  -105.00000000000001        2.5598729708274041E-003
  -100.00000000000003        2.7562588436863371E-003
  -95.000000000000014        2.9460400291234476E-003
  -90.000000000000014        3.1259794815451662E-003
  -85.000000000000014        3.2935263825326277E-003
  -80.000000000000014        3.4463741827584771E-003
  -75.000000000000014        3.5825414502601112E-003
  -70.000000000000000        3.7005012314345301E-003
  -65.000000000000014        3.7993544668733126E-003
  -60.000000000000007        3.8788695269847549E-003
  -55.000000000000007        3.9392891263846349E-003
  -50.000000000000014        3.9818398149042526E-003
  -45.000000000000007        4.0081042609040355E-003
  -40.000000000000007        4.0204743749469862E-003
  -35.000000000000000        4.0219248294226561E-003
  -30.000000000000004        4.0151841983643924E-003
  -25.000000000000007        4.0023356614329771E-003
  -20.000000000000004        3.9864738712178114E-003
  -15.000000000000002        3.9714162169267007E-003
  -10.000000000000002        3.9595315827689482E-003
  -5.0000000000000009        3.9517056335191102E-003
   0.0000000000000000        3.9485843235309995E-003
   5.0000000000000009        3.9517056335191102E-003
   10.000000000000002        3.9595315827689482E-003
   15.000000000000002        3.9714162169267007E-003
   20.000000000000004        3.9864738712178114E-003
   25.000000000000007        4.0023356614329771E-003
   30.000000000000004        4.0151841983643924E-003
   35.000000000000000        4.0219248294226561E-003
   40.000000000000007        4.0204743749469862E-003
   45.000000000000007        4.0081042609040355E-003
   50.000000000000014        3.9818398149042526E-003
   55.000000000000007        3.9392891263846349E-003
   60.000000000000007        3.8788695269847549E-003
   65.000000000000014        3.7993544668733126E-003
   70.000000000000000        3.7005012314345301E-003
   75.000000000000014        3.5825414502601112E-003
   80.000000000000014        3.4463741827584771E-003
   85.000000000000014        3.2935263825326277E-003
   90.000000000000014        3.1259794815451662E-003
   95.000000000000014        2.9460400291234476E-003
   100.00000000000003        2.7562588436863371E-003
   105.00000000000001        2.5598729708274041E-003
   110.00000000000001        2.3597341731283130E-003
   115.00000000000003        2.1587542503203080E-003
   120.00000000000001        1.9598393546873664E-003
   125.00000000000001        1.7654070126519382E-003
   130.00000000000003        1.5779390308910553E-003
   135.00000000000003        1.3995284421494990E-003
   140.00000000000000        1.2317531447764447E-003
   145.00000000000003        1.0758612974447420E-003
   150.00000000000003        9.3276445156261119E-004
   155.00000000000003        8.0300474149645447E-004
   160.00000000000003        6.8664813592526138E-004
   165.00000000000003        5.8367463242076643E-004
   170.00000000000003        4.9367520145390147E-004
   175.00000000000003        4.1615829042784233E-004
   180.00000000000003        3.5024883745821215E-004
   185.00000000000003        2.9492931371240759E-004
   190.00000000000003        2.4929184531568795E-004
   195.00000000000003        2.1221021146739118E-004
   200.00000000000006        1.8254905128577416E-004
   205.00000000000003        1.5931264135676346E-004
   210.00000000000003        1.4141161807592543E-004
   215.00000000000006        1.2795838207404529E-004
   220.00000000000003        1.1796441138421620E-004
   225.00000000000003        1.1069229394576679E-004
   230.00000000000006        1.0534957574903345E-004
   235.00000000000003        1.0146272418609543E-004
   240.00000000000003        9.8436461546277303E-005
   245.00000000000006        9.5923611311704338E-005
   250.00000000000003        9.3502417443383924E-005
   255.00000000000003        9.1070460009948733E-005
   260.00000000000006        8.8373466920631786E-005
   265.00000000000000        8.5305289882090321E-005
   270.00000000000006        8.1912433881540367E-005
   275.00000000000006        7.8097545659825519E-005
   280.00000000000000        7.3886500765401209E-005
   285.00000000000006        6.9430115249445652E-005
   290.00000000000006        6.4704497483396433E-005
   295.00000000000006        5.9789023457607946E-005
   300.00000000000006        5.4831234420926827E-005
   305.00000000000006        4.9916052661326615E-005
   310.00000000000006        4.5026272889354423E-005
   315.00000000000006        4.0325334878078322E-005
   320.00000000000006        3.5813194399047150E-005
   325.00000000000006        3.1607770099140243E-005
   330.00000000000006        2.7742306360445865E-005
   335.00000000000006        2.4148371273399319E-005
   340.00000000000006        2.0936196500278540E-005
   345.00000000000006        1.8048181748347631E-005
   350.00000000000006        1.5541798557595401E-005
   355.00000000000006        1.3343979789740564E-005
   360.00000000000006        1.1499830944345371E-005
   365.00000000000006        9.9225291590349163E-006
   370.00000000000006        8.6461982367959851E-006
   375.00000000000006        7.5798053846691839E-006
   380.00000000000006        6.6915712087544211E-006
   385.00000000000006        6.0477380298468690E-006
   390.00000000000006        5.5222194497076740E-006
   395.00000000000011        5.1501528860626015E-006
   400.00000000000011        4.8112705456368055E-006
   405.00000000000006        4.5766482431048416E-006
   410.00000000000006        4.4256914078098369E-006
   415.00000000000006        4.2468068320785775E-006
   420.00000000000006        4.1192111120030976E-006
   425.00000000000011        3.9684043936341771E-006
   430.00000000000011        3.8797960443429740E-006
   435.00000000000000        3.7221074481785586E-006
   440.00000000000006        3.5532304929611370E-006
   445.00000000000006        3.3712299467687353E-006
   450.00000000000006        3.1757803214873783E-006
   455.00000000000006        2.9679688570691939E-006
   460.00000000000011        2.7498362220616642E-006
   465.00000000000000        2.4618538247682787E-006
   470.00000000000006        2.2332507043164758E-006
   475.00000000000006        1.9734880148982028E-006
   480.00000000000006        1.6559537334364414E-006
   485.00000000000006        1.3795640111748959E-006
   490.00000000000011        1.0552460139405986E-006
   495.00000000000011        7.2148507446846550E-007
   500.00000000000006        1.3154407183931107E-031
