  -500.00000000000006        1.9832369474597234E-031
  -495.00000000000011        6.2591279554918551E-007
  -490.00000000000011        8.9366360531102840E-007
  -485.00000000000006        1.1575922960892516E-006
  -480.00000000000006        1.3947657354448605E-006
  -475.00000000000006        1.6967152866527231E-006
  -470.00000000000006        1.9869394539262045E-006
  -465.00000000000000        2.3025555170447819E-006
  -460.00000000000011        2.7381021722196758E-006
  -455.00000000000006        3.1910816773281788E-006
  -450.00000000000006        3.7284608106789264E-006
  -445.00000000000006        4.3608194804719915E-006
  -440.00000000000006        5.0987038305810914E-006
  -435.00000000000000        5.9514718137140749E-006
  -430.00000000000011        6.9274806604873318E-006
  -425.00000000000011        7.9775700630819716E-006
  -420.00000000000006        9.2185284623040146E-006
  -415.00000000000006        1.0568177334485169E-005
  -410.00000000000006        1.2082165168215568E-005
  -405.00000000000006        1.3672682040811939E-005
  -400.00000000000011        1.5416268520419353E-005
  -395.00000000000011        1.7302514562209846E-005
  -390.00000000000006        1.9233748750591951E-005
  -385.00000000000006        2.1276109112643567E-005
  -380.00000000000006        2.3351916551051039E-005
  -375.00000000000006        2.5523969428316501E-005
  -370.00000000000006        2.7683942805798339E-005
  -365.00000000000006        2.9807746521903808E-005
  -360.00000000000006        3.1929518749477400E-005
  -355.00000000000006        3.3975022374806983E-005
  -350.00000000000006        3.5987826853400825E-005
  -345.00000000000006        3.7905113736398179E-005
  -340.00000000000006        3.9790249369175093E-005
  -335.00000000000006        4.1607844137080551E-005
  -330.00000000000006        4.3450904774380551E-005
  -325.00000000000006        4.5293676552522469E-005
  -320.00000000000006        4.7300977895181292E-005
  -315.00000000000006        4.9580232023203584E-005
  -310.00000000000006        5.2214728707854785E-005
  -305.00000000000006        5.5431431721290998E-005
  -300.00000000000006        5.9349018971211677E-005
  -295.00000000000006        6.4294593539612510E-005
  -290.00000000000006        7.0543936601140102E-005
  -285.00000000000006        7.8352139355392200E-005
  -280.00000000000000        8.8064306517834337E-005
  -275.00000000000006        1.0014894989514474E-004
  -270.00000000000006        1.1492029260569033E-004
  -265.00000000000000        1.3279564049277980E-004
  -260.00000000000006        1.5431265141186603E-004
  -255.00000000000003        1.7982015380596714E-004
  -250.00000000000003        2.0974645658033240E-004
  -245.00000000000006        2.4460588677476924E-004
  -240.00000000000003        2.8472087399863179E-004
  -235.00000000000003        3.3050167894711411E-004
  -230.00000000000006        3.8216378345561932E-004
  -225.00000000000003        4.4003081305464439E-004
  -220.00000000000003        5.0415660617265630E-004
  -215.00000000000006        5.7463636454037239E-004
  -210.00000000000003        6.5138703942870435E-004
  -205.00000000000003        7.3436849184371409E-004
  -200.00000000000006        8.2321844415854406E-004
  -195.00000000000003        9.1748996467460057E-004
  -190.00000000000003        1.0166052805395311E-003
  -185.00000000000003        1.1199925378564948E-003
  -180.00000000000003        1.2269201820934558E-003
  -175.00000000000003        1.3363997003858004E-003
  -170.00000000000003        1.4475800891209744E-003
  -165.00000000000003        1.5594095497548808E-003
  -160.00000000000003        1.6707967179475894E-003
  -155.00000000000003        1.7807638467222898E-003
  -150.00000000000003        1.8881267212784783E-003
  -145.00000000000003        1.9918954795478494E-003
  -140.00000000000000        2.0911811046826490E-003
  -135.00000000000003        2.1851635719520508E-003
  -130.00000000000003        2.2729755778622238E-003
  -125.00000000000001        2.3540925474052170E-003
  -120.00000000000001        2.4282499443193176E-003
  -115.00000000000003        2.4950497521951179E-003
  -110.00000000000001        2.5544919977758484E-003
  -105.00000000000001        2.6067441141904395E-003
  -100.00000000000003        2.6520879615904562E-003
  -95.000000000000014        2.6908781103056586E-003
  -90.000000000000014        2.7236713087922270E-003
  -85.000000000000014        2.7512618587327677E-003
  -80.000000000000014        2.7742762214774362E-003
  -75.000000000000014        2.7934317222594817E-003
  -70.000000000000000        2.8095540018323942E-003
  -65.000000000000014        2.8232436868067157E-003
  -60.000000000000007        2.8351607095539457E-003
  -55.000000000000007        2.8457180331030668E-003
  -50.000000000000014        2.8552379239476316E-003
  -45.000000000000007        2.8642655248437617E-003
  -40.000000000000007        2.8730639816388465E-003
  -35.000000000000000        2.8812882605264117E-003
  -30.000000000000004        2.8886454713491112E-003
  -25.000000000000007        2.8953137718711998E-003
  -20.000000000000004        2.9013512539996008E-003
  -15.000000000000002        2.9064320618736044E-003
  -10.000000000000002        2.9101954527007124E-003
  -5.0000000000000009        2.9124893990793918E-003
   0.0000000000000000        2.9132768694936852E-003
   5.0000000000000009        2.9124893990793918E-003
   10.000000000000002        2.9101954527007124E-003
   15.000000000000002        2.9064320618736044E-003
   20.000000000000004        2.9013512539996008E-003
   25.000000000000007        2.8953137718711998E-003
   30.000000000000004        2.8886454713491112E-003
   35.000000000000000        2.8812882605264117E-003
   40.000000000000007        2.8730639816388465E-003
   45.000000000000007        2.8642655248437617E-003
   50.000000000000014        2.8552379239476316E-003
   55.000000000000007        2.8457180331030668E-003
   60.000000000000007        2.8351607095539457E-003
   65.000000000000014        2.8232436868067157E-003
   70.000000000000000        2.8095540018323942E-003
   75.000000000000014        2.7934317222594817E-003
   80.000000000000014        2.7742762214774362E-003
   85.000000000000014        2.7512618587327677E-003
   90.000000000000014        2.7236713087922270E-003
   95.000000000000014        2.6908781103056586E-003
   100.00000000000003        2.6520879615904562E-003
   105.00000000000001        2.6067441141904395E-003
   110.00000000000001        2.5544919977758484E-003
   115.00000000000003        2.4950497521951179E-003
   120.00000000000001        2.4282499443193176E-003
   125.00000000000001        2.3540925474052170E-003
   130.00000000000003        2.2729755778622238E-003
   135.00000000000003        2.1851635719520508E-003
   140.00000000000000        2.0911811046826490E-003
   145.00000000000003        1.9918954795478494E-003
   150.00000000000003        1.8881267212784783E-003
   155.00000000000003        1.7807638467222898E-003
   160.00000000000003        1.6707967179475894E-003
   165.00000000000003        1.5594095497548808E-003
   170.00000000000003        1.4475800891209744E-003
   175.00000000000003        1.3363997003858004E-003
   180.00000000000003        1.2269201820934558E-003
   185.00000000000003        1.1199925378564948E-003
   190.00000000000003        1.0166052805395311E-003
   195.00000000000003        9.1748996467460057E-004
   200.00000000000006        8.2321844415854406E-004
   205.00000000000003        7.3436849184371409E-004
   210.00000000000003        6.5138703942870435E-004
   215.00000000000006        5.7463636454037239E-004
   220.00000000000003        5.0415660617265630E-004
   225.00000000000003        4.4003081305464439E-004
   230.00000000000006        3.8216378345561932E-004
   235.00000000000003        3.3050167894711411E-004
   240.00000000000003        2.8472087399863179E-004
   245.00000000000006        2.4460588677476924E-004
   250.00000000000003        2.0974645658033240E-004
   255.00000000000003        1.7982015380596714E-004
   260.00000000000006        1.5431265141186603E-004
   265.00000000000000        1.3279564049277980E-004
   270.00000000000006        1.1492029260569033E-004
   275.00000000000006        1.0014894989514474E-004
   280.00000000000000        8.8064306517834337E-005
   285.00000000000006        7.8352139355392200E-005
   290.00000000000006        7.0543936601140102E-005
   295.00000000000006        6.4294593539612510E-005
   300.00000000000006        5.9349018971211677E-005
   305.00000000000006        5.5431431721290998E-005
   310.00000000000006        5.2214728707854785E-005
   315.00000000000006        4.9580232023203584E-005
   320.00000000000006        4.7300977895181292E-005
   325.00000000000006        4.5293676552522469E-005
   330.00000000000006        4.3450904774380551E-005
   335.00000000000006        4.1607844137080551E-005
   340.00000000000006        3.9790249369175093E-005
   345.00000000000006        3.7905113736398179E-005
   350.00000000000006        3.5987826853400825E-005
   355.00000000000006        3.3975022374806983E-005
   360.00000000000006        3.1929518749477400E-005
   365.00000000000006        2.9807746521903808E-005
   370.00000000000006        2.7683942805798339E-005
   375.00000000000006        2.5523969428316501E-005
   380.00000000000006        2.3351916551051039E-005
   385.00000000000006        2.1276109112643567E-005
   390.00000000000006        1.9233748750591951E-005
   395.00000000000011        1.7302514562209846E-005
   400.00000000000011        1.5416268520419353E-005
   405.00000000000006        1.3672682040811939E-005
   410.00000000000006        1.2082165168215568E-005
   415.00000000000006        1.0568177334485169E-005
   420.00000000000006        9.2185284623040146E-006
   425.00000000000011        7.9775700630819716E-006
   430.00000000000011        6.9274806604873318E-006
   435.00000000000000        5.9514718137140749E-006
   440.00000000000006        5.0987038305810914E-006
   445.00000000000006        4.3608194804719915E-006
   450.00000000000006        3.7284608106789264E-006
   455.00000000000006        3.1910816773281788E-006
   460.00000000000011        2.7381021722196758E-006
   465.00000000000000        2.3025555170447819E-006
   470.00000000000006        1.9869394539262045E-006
   475.00000000000006        1.6967152866527231E-006
   480.00000000000006        1.3947657354448605E-006
   485.00000000000006        1.1575922960892516E-006
   490.00000000000011        8.9366360531102840E-007
   495.00000000000011        6.2591279554918551E-007
   500.00000000000006        1.9832369474597234E-031
