  -500.00000000000006        1.8674102121164907E-031
  -495.00000000000011        5.9416962047983768E-007
  -490.00000000000011        8.3834118328702228E-007
  -485.00000000000006        1.0721077548155511E-006
  -480.00000000000006        1.2728848101866590E-006
  -475.00000000000006        1.5277640728127130E-006
  -470.00000000000006        1.7628763837492560E-006
  -465.00000000000000        2.0134915175972204E-006
  -460.00000000000011        2.3700975358821023E-006
  -455.00000000000006        2.7346593367260200E-006
  -450.00000000000006        3.1719438610320122E-006
  -445.00000000000006        3.6930650348001864E-006
  -440.00000000000006        4.3094914781499399E-006
  -435.00000000000000        5.0320854100859652E-006
  -430.00000000000011        5.8712084668919721E-006
  -425.00000000000011        6.7823616282366608E-006
  -420.00000000000006        7.8808754664916518E-006
  -415.00000000000006        9.0915957963386699E-006
  -410.00000000000006        1.0471718191345237E-005
  -405.00000000000006        1.1941095947053772E-005
  -400.00000000000011        1.3577219895929735E-005
  -395.00000000000011        1.5374007119980545E-005
  -390.00000000000006        1.7241397496277545E-005
  -385.00000000000006        1.9245765680034556E-005
  -380.00000000000006        2.1314949945837093E-005
  -375.00000000000006        2.3509842355863544E-005
  -370.00000000000006        2.5726332189614860E-005
  -365.00000000000006        2.7938939425792622E-005
  -360.00000000000006        3.0176143707561022E-005
  -355.00000000000006        3.2360409253172450E-005
  -350.00000000000006        3.4524689727200813E-005
  -345.00000000000006        3.6596452638149049E-005
  -340.00000000000006        3.8621721598569318E-005
  -335.00000000000006        4.0549306079366619E-005
  -330.00000000000006        4.2448288854422766E-005
  -325.00000000000006        4.4270940209735257E-005
  -320.00000000000006        4.6150441497157128E-005
  -315.00000000000006        4.8162985467126106E-005
  -310.00000000000006        5.0360519247566926E-005
  -305.00000000000006        5.2932880220911954E-005
  -300.00000000000006        5.5966830433918211E-005
  -295.00000000000006        5.9749492150314507E-005
  -290.00000000000006        6.4523996315937485E-005
  -285.00000000000006        7.0516846085378476E-005
  -280.00000000000000        7.8046895479317818E-005
  -275.00000000000006        8.7556564695307645E-005
  -270.00000000000006        9.9354757597707710E-005
  -265.00000000000000        1.1385723221383685E-004
  -260.00000000000006        1.3160327637666859E-004
  -255.00000000000003        1.5296764250600009E-004
  -250.00000000000003        1.7841418996241405E-004
  -245.00000000000006        2.0850054520927348E-004
  -240.00000000000003        2.4361274740764523E-004
  -235.00000000000003        2.8424186992782559E-004
  -230.00000000000006        3.3070014524824980E-004
  -225.00000000000003        3.8341179361878007E-004
  -220.00000000000003        4.4255118602170928E-004
  -215.00000000000006        5.0833813259267891E-004
  -210.00000000000003        5.8082453277764749E-004
  -205.00000000000003        6.6010082999870014E-004
  -200.00000000000006        7.4595130212625849E-004
  -195.00000000000003        8.3804832425933584E-004
  -190.00000000000003        9.3592980266445362E-004
  -185.00000000000003        1.0391252388208276E-003
  -180.00000000000003        1.1469807499766005E-003
  -175.00000000000003        1.2585703835927579E-003
  -170.00000000000003        1.3730660512572561E-003
  -165.00000000000003        1.4894312557717853E-003
  -160.00000000000003        1.6065169867976606E-003
  -155.00000000000003        1.7232679008714821E-003
  -150.00000000000003        1.8384013303642435E-003
  -145.00000000000003        1.9507956459217553E-003
  -140.00000000000000        2.0594011811151196E-003
  -135.00000000000003        2.1632060730791308E-003
  -130.00000000000003        2.2611456857895016E-003
  -125.00000000000001        2.3524891584377587E-003
  -120.00000000000001        2.4367592827317947E-003
  -115.00000000000003        2.5133561155226288E-003
  -110.00000000000001        2.5821104225259286E-003
  -105.00000000000001        2.6430317986493594E-003
  -100.00000000000003        2.6962807289913505E-003
  -95.000000000000014        2.7421189088259212E-003
  -90.000000000000014        2.7810427369868171E-003
  -85.000000000000014        2.8138597703586381E-003
  -80.000000000000014        2.8412248849263673E-003
  -75.000000000000014        2.8639170776779731E-003
  -70.000000000000000        2.8828361806102288E-003
  -65.000000000000014        2.8986918027831309E-003
  -60.000000000000007        2.9122745388855593E-003
  -55.000000000000007        2.9241288726012259E-003
  -50.000000000000014        2.9346390309660051E-003
  -45.000000000000007        2.9444205856439571E-003
  -40.000000000000007        2.9538892226562523E-003
  -35.000000000000000        2.9627717879707706E-003
  -30.000000000000004        2.9707088853852780E-003
  -25.000000000000007        2.9778675286163754E-003
  -20.000000000000004        2.9843638525591507E-003
  -15.000000000000002        2.9898666050312815E-003
  -10.000000000000002        2.9939584133154965E-003
  -5.0000000000000009        2.9964546652367845E-003
   0.0000000000000000        2.9973116267640858E-003
   5.0000000000000009        2.9964546652367845E-003
   10.000000000000002        2.9939584133154965E-003
   15.000000000000002        2.9898666050312815E-003
   20.000000000000004        2.9843638525591507E-003
   25.000000000000007        2.9778675286163754E-003
   30.000000000000004        2.9707088853852780E-003
   35.000000000000000        2.9627717879707706E-003
   40.000000000000007        2.9538892226562523E-003
   45.000000000000007        2.9444205856439571E-003
   50.000000000000014        2.9346390309660051E-003
   55.000000000000007        2.9241288726012259E-003
   60.000000000000007        2.9122745388855593E-003
   65.000000000000014        2.8986918027831309E-003
   70.000000000000000        2.8828361806102288E-003
   75.000000000000014        2.8639170776779731E-003
   80.000000000000014        2.8412248849263673E-003
   85.000000000000014        2.8138597703586381E-003
   90.000000000000014        2.7810427369868171E-003
   95.000000000000014        2.7421189088259212E-003
   100.00000000000003        2.6962807289913505E-003
   105.00000000000001        2.6430317986493594E-003
   110.00000000000001        2.5821104225259286E-003
   115.00000000000003        2.5133561155226288E-003
   120.00000000000001        2.4367592827317947E-003
   125.00000000000001        2.3524891584377587E-003
   130.00000000000003        2.2611456857895016E-003
   135.00000000000003        2.1632060730791308E-003
   140.00000000000000        2.0594011811151196E-003
   145.00000000000003        1.9507956459217553E-003
   150.00000000000003        1.8384013303642435E-003
   155.00000000000003        1.7232679008714821E-003
   160.00000000000003        1.6065169867976606E-003
   165.00000000000003        1.4894312557717853E-003
   170.00000000000003        1.3730660512572561E-003
   175.00000000000003        1.2585703835927579E-003
   180.00000000000003        1.1469807499766005E-003
   185.00000000000003        1.0391252388208276E-003
   190.00000000000003        9.3592980266445362E-004
   195.00000000000003        8.3804832425933584E-004
   200.00000000000006        7.4595130212625849E-004
   205.00000000000003        6.6010082999870014E-004
   210.00000000000003        5.8082453277764749E-004
   215.00000000000006        5.0833813259267891E-004
   220.00000000000003        4.4255118602170928E-004
   225.00000000000003        3.8341179361878007E-004
   230.00000000000006        3.3070014524824980E-004
   235.00000000000003        2.8424186992782559E-004
   240.00000000000003        2.4361274740764523E-004
   245.00000000000006        2.0850054520927348E-004
   250.00000000000003        1.7841418996241405E-004
   255.00000000000003        1.5296764250600009E-004
   260.00000000000006        1.3160327637666859E-004
   265.00000000000000        1.1385723221383685E-004
   270.00000000000006        9.9354757597707710E-005
   275.00000000000006        8.7556564695307645E-005
   280.00000000000000        7.8046895479317818E-005
   285.00000000000006        7.0516846085378476E-005
   290.00000000000006        6.4523996315937485E-005
   295.00000000000006        5.9749492150314507E-005
   300.00000000000006        5.5966830433918211E-005
   305.00000000000006        5.2932880220911954E-005
   310.00000000000006        5.0360519247566926E-005
   315.00000000000006        4.8162985467126106E-005
   320.00000000000006        4.6150441497157128E-005
   325.00000000000006        4.4270940209735257E-005
   330.00000000000006        4.2448288854422766E-005
   335.00000000000006        4.0549306079366619E-005
   340.00000000000006        3.8621721598569318E-005
   345.00000000000006        3.6596452638149049E-005
   350.00000000000006        3.4524689727200813E-005
   355.00000000000006        3.2360409253172450E-005
   360.00000000000006        3.0176143707561022E-005
   365.00000000000006        2.7938939425792622E-005
   370.00000000000006        2.5726332189614860E-005
   375.00000000000006        2.3509842355863544E-005
   380.00000000000006        2.1314949945837093E-005
   385.00000000000006        1.9245765680034556E-005
   390.00000000000006        1.7241397496277545E-005
   395.00000000000011        1.5374007119980545E-005
   400.00000000000011        1.3577219895929735E-005
   405.00000000000006        1.1941095947053772E-005
   410.00000000000006        1.0471718191345237E-005
   415.00000000000006        9.0915957963386699E-006
   420.00000000000006        7.8808754664916518E-006
   425.00000000000011        6.7823616282366608E-006
   430.00000000000011        5.8712084668919721E-006
   435.00000000000000        5.0320854100859652E-006
   440.00000000000006        4.3094914781499399E-006
   445.00000000000006        3.6930650348001864E-006
   450.00000000000006        3.1719438610320122E-006
   455.00000000000006        2.7346593367260200E-006
   460.00000000000011        2.3700975358821023E-006
   465.00000000000000        2.0134915175972204E-006
   470.00000000000006        1.7628763837492560E-006
   475.00000000000006        1.5277640728127130E-006
   480.00000000000006        1.2728848101866590E-006
   485.00000000000006        1.0721077548155511E-006
   490.00000000000011        8.3834118328702228E-007
   495.00000000000011        5.9416962047983768E-007
   500.00000000000006        1.8674102121164907E-031
