  -500.00000000000006        1.2074035451761859E-031
  -495.00000000000011        6.3154701981288174E-007
  -490.00000000000011        9.3278858973600100E-007
  -485.00000000000006        1.2308818534728717E-006
  -480.00000000000006        1.4922321378570670E-006
  -475.00000000000006        1.7939046402979298E-006
  -470.00000000000006        2.0498403394212610E-006
  -465.00000000000000        2.2826065285475864E-006
  -460.00000000000011        2.5700797657877770E-006
  -455.00000000000006        2.7993013078132298E-006
  -450.00000000000006        3.0207228476843591E-006
  -445.00000000000006        3.2311857946623459E-006
  -440.00000000000006        3.4281312284167801E-006
  -435.00000000000000        3.6099775100732477E-006
  -430.00000000000011        3.7763512424319261E-006
  -425.00000000000011        3.8750417683666764E-006
  -420.00000000000006        4.0175322879555294E-006
  -415.00000000000006        4.1275239016033340E-006
  -410.00000000000006        4.2675598764431746E-006
  -405.00000000000006        4.3671208191272170E-006
  -400.00000000000011        4.5214978757936104E-006
  -395.00000000000011        4.7476026480719482E-006
  -390.00000000000006        4.9834493098287705E-006
  -385.00000000000006        5.3339151155023250E-006
  -380.00000000000006        5.7699448878129122E-006
  -375.00000000000006        6.4038182581506308E-006
  -370.00000000000006        7.1817211272960959E-006
  -365.00000000000006        8.1367186854609929E-006
  -360.00000000000006        9.3544022174951726E-006
  -355.00000000000006        1.0813293234354192E-005
  -350.00000000000006        1.2598090471428460E-005
  -345.00000000000006        1.4680983095360683E-005
  -340.00000000000006        1.7137223887826371E-005
  -335.00000000000006        1.9929666442356913E-005
  -330.00000000000006        2.3121430095221130E-005
  -325.00000000000006        2.6630205604326039E-005
  -320.00000000000006        3.0527936705073669E-005
  -315.00000000000006        3.4797553578544860E-005
  -310.00000000000006        3.9345706300259134E-005
  -305.00000000000006        4.4178424316938190E-005
  -300.00000000000006        4.9156562854722670E-005
  -295.00000000000006        5.4293784386723254E-005
  -290.00000000000006        5.9507939563100727E-005
  -285.00000000000006        6.4657361248011391E-005
  -280.00000000000000        6.9652531381448327E-005
  -275.00000000000006        7.4487046594418855E-005
  -270.00000000000006        7.8991493283829355E-005
  -265.00000000000000        8.3099537469813811E-005
  -260.00000000000006        8.6845297455480982E-005
  -255.00000000000003        9.0130673787687841E-005
  -250.00000000000003        9.2985861765651587E-005
  -245.00000000000006        9.5566812808742431E-005
  -240.00000000000003        9.7896022750777444E-005
  -235.00000000000003        1.0027605479977983E-004
  -230.00000000000006        1.0295471860589185E-004
  -225.00000000000003        1.0640535915539055E-004
  -220.00000000000003        1.1101101050798845E-004
  -215.00000000000006        1.1745686939579649E-004
  -210.00000000000003        1.2640291415372802E-004
  -205.00000000000003        1.3875955750965039E-004
  -200.00000000000006        1.5538633020549216E-004
  -195.00000000000003        1.7737734749305594E-004
  -190.00000000000003        2.0577925139681145E-004
  -185.00000000000003        2.4180485830446478E-004
  -180.00000000000003        2.8671385019813413E-004
  -175.00000000000003        3.4162595942205398E-004
  -170.00000000000003        4.0779560412162254E-004
  -165.00000000000003        4.8640252010225579E-004
  -160.00000000000003        5.7830592897053080E-004
  -155.00000000000003        6.8430013514542815E-004
  -150.00000000000003        8.0485396504590334E-004
  -145.00000000000003        9.4034564289356378E-004
  -140.00000000000000        1.0906682748863029E-003
  -135.00000000000003        1.2553329111677919E-003
  -130.00000000000003        1.4335162565026083E-003
  -125.00000000000001        1.6239591070662449E-003
  -120.00000000000001        1.8247498704415247E-003
  -115.00000000000003        2.0335680341357085E-003
  -110.00000000000001        2.2479767976987448E-003
  -105.00000000000001        2.4648996220848012E-003
  -100.00000000000003        2.6811276948014487E-003
  -95.000000000000014        2.8934174975229856E-003
  -90.000000000000014        3.0979430259399040E-003
  -85.000000000000014        3.2913950445420748E-003
  -80.000000000000014        3.4707386663662080E-003
  -75.000000000000014        3.6331773561442747E-003
  -70.000000000000000        3.7763510109798315E-003
  -65.000000000000014        3.8986546591925765E-003
  -60.000000000000007        3.9991639210616142E-003
  -55.000000000000007        4.0775234284407260E-003
  -50.000000000000014        4.1347455746048450E-003
  -45.000000000000007        4.1723196475025636E-003
  -40.000000000000007        4.1925881672585071E-003
  -35.000000000000000        4.1988379919947229E-003
  -30.000000000000004        4.1945091182575157E-003
  -25.000000000000007        4.1821160978136032E-003
  -20.000000000000004        4.1651805591126799E-003
  -15.000000000000002        4.1483872626936896E-003
  -10.000000000000002        4.1349068816150542E-003
  -5.0000000000000009        4.1259730292054521E-003
   0.0000000000000000        4.1223776447526367E-003
   5.0000000000000009        4.1259730292054521E-003
   10.000000000000002        4.1349068816150542E-003
   15.000000000000002        4.1483872626936896E-003
   20.000000000000004        4.1651805591126799E-003
   25.000000000000007        4.1821160978136032E-003
   30.000000000000004        4.1945091182575157E-003
   35.000000000000000        4.1988379919947229E-003
   40.000000000000007        4.1925881672585071E-003
   45.000000000000007        4.1723196475025636E-003
   50.000000000000014        4.1347455746048450E-003
   55.000000000000007        4.0775234284407260E-003
   60.000000000000007        3.9991639210616142E-003
   65.000000000000014        3.8986546591925765E-003
   70.000000000000000        3.7763510109798315E-003
   75.000000000000014        3.6331773561442747E-003
   80.000000000000014        3.4707386663662080E-003
   85.000000000000014        3.2913950445420748E-003
   90.000000000000014        3.0979430259399040E-003
   95.000000000000014        2.8934174975229856E-003
   100.00000000000003        2.6811276948014487E-003
   105.00000000000001        2.4648996220848012E-003
   110.00000000000001        2.2479767976987448E-003
   115.00000000000003        2.0335680341357085E-003
   120.00000000000001        1.8247498704415247E-003
   125.00000000000001        1.6239591070662449E-003
   130.00000000000003        1.4335162565026083E-003
   135.00000000000003        1.2553329111677919E-003
   140.00000000000000        1.0906682748863029E-003
   145.00000000000003        9.4034564289356378E-004
   150.00000000000003        8.0485396504590334E-004
   155.00000000000003        6.8430013514542815E-004
   160.00000000000003        5.7830592897053080E-004
   165.00000000000003        4.8640252010225579E-004
   170.00000000000003        4.0779560412162254E-004
   175.00000000000003        3.4162595942205398E-004
   180.00000000000003        2.8671385019813413E-004
   185.00000000000003        2.4180485830446478E-004
   190.00000000000003        2.0577925139681145E-004
   195.00000000000003        1.7737734749305594E-004
   200.00000000000006        1.5538633020549216E-004
   205.00000000000003        1.3875955750965039E-004
   210.00000000000003        1.2640291415372802E-004
   215.00000000000006        1.1745686939579649E-004
   220.00000000000003        1.1101101050798845E-004
   225.00000000000003        1.0640535915539055E-004
   230.00000000000006        1.0295471860589185E-004
   235.00000000000003        1.0027605479977983E-004
   240.00000000000003        9.7896022750777444E-005
   245.00000000000006        9.5566812808742431E-005
   250.00000000000003        9.2985861765651587E-005
   255.00000000000003        9.0130673787687841E-005
   260.00000000000006        8.6845297455480982E-005
   265.00000000000000        8.3099537469813811E-005
   270.00000000000006        7.8991493283829355E-005
   275.00000000000006        7.4487046594418855E-005
   280.00000000000000        6.9652531381448327E-005
   285.00000000000006        6.4657361248011391E-005
   290.00000000000006        5.9507939563100727E-005
   295.00000000000006        5.4293784386723254E-005
   300.00000000000006        4.9156562854722670E-005
   305.00000000000006        4.4178424316938190E-005
   310.00000000000006        3.9345706300259134E-005
   315.00000000000006        3.4797553578544860E-005
   320.00000000000006        3.0527936705073669E-005
   325.00000000000006        2.6630205604326039E-005
   330.00000000000006        2.3121430095221130E-005
   335.00000000000006        1.9929666442356913E-005
   340.00000000000006        1.7137223887826371E-005
   345.00000000000006        1.4680983095360683E-005
   350.00000000000006        1.2598090471428460E-005
   355.00000000000006        1.0813293234354192E-005
   360.00000000000006        9.3544022174951726E-006
   365.00000000000006        8.1367186854609929E-006
   370.00000000000006        7.1817211272960959E-006
   375.00000000000006        6.4038182581506308E-006
   380.00000000000006        5.7699448878129122E-006
   385.00000000000006        5.3339151155023250E-006
   390.00000000000006        4.9834493098287705E-006
   395.00000000000011        4.7476026480719482E-006
   400.00000000000011        4.5214978757936104E-006
   405.00000000000006        4.3671208191272170E-006
   410.00000000000006        4.2675598764431746E-006
   415.00000000000006        4.1275239016033340E-006
   420.00000000000006        4.0175322879555294E-006
   425.00000000000011        3.8750417683666764E-006
   430.00000000000011        3.7763512424319261E-006
   435.00000000000000        3.6099775100732477E-006
   440.00000000000006        3.4281312284167801E-006
   445.00000000000006        3.2311857946623459E-006
   450.00000000000006        3.0207228476843591E-006
   455.00000000000006        2.7993013078132298E-006
   460.00000000000011        2.5700797657877770E-006
   465.00000000000000        2.2826065285475864E-006
   470.00000000000006        2.0498403394212610E-006
   475.00000000000006        1.7939046402979298E-006
   480.00000000000006        1.4922321378570670E-006
   485.00000000000006        1.2308818534728717E-006
   490.00000000000011        9.3278858973600100E-007
   495.00000000000011        6.3154701981288174E-007
   500.00000000000006        1.2074035451761859E-031
