  -500.00000000000006        3.4938148799091126E-032
  -495.00000000000011        3.6859115275393391E-007
  -490.00000000000011        5.1194327542738761E-007
  -485.00000000000006        6.5378728220614815E-007
  -480.00000000000006        7.8598808477164622E-007
  -475.00000000000006        9.7003992720980214E-007
  -470.00000000000006        1.1653078736878187E-006
  -465.00000000000000        1.4008352289954914E-006
  -460.00000000000011        1.7405919865213006E-006
  -455.00000000000006        2.1285266615677023E-006
  -450.00000000000006        2.6118467849115976E-006
  -445.00000000000006        3.2027673950932838E-006
  -440.00000000000006        3.9129884486916736E-006
  -435.00000000000000        4.7522449232268774E-006
  -430.00000000000011        5.7284259177149754E-006
  -425.00000000000011        6.8124273352814978E-006
  -420.00000000000006        8.0745033498567557E-006
  -415.00000000000006        9.4614403065853286E-006
  -410.00000000000006        1.1001321991745562E-005
  -405.00000000000006        1.2632199953939565E-005
  -400.00000000000011        1.4389159705989499E-005
  -395.00000000000011        1.6251918701527698E-005
  -390.00000000000006        1.8144872761915572E-005
  -385.00000000000006        2.0088814843062245E-005
  -380.00000000000006        2.2015261126293045E-005
  -375.00000000000006        2.3939694279961693E-005
  -370.00000000000006        2.5774842220762743E-005
  -365.00000000000006        2.7483514118928136E-005
  -360.00000000000006        2.9067293514627281E-005
  -355.00000000000006        3.0464361240460937E-005
  -350.00000000000006        3.1690025900900948E-005
  -345.00000000000006        3.2701471560430614E-005
  -340.00000000000006        3.3543115545802398E-005
  -335.00000000000006        3.4208606603400189E-005
  -330.00000000000006        3.4782495784952257E-005
  -325.00000000000006        3.5292087285923254E-005
  -320.00000000000006        3.5895360223226811E-005
  -315.00000000000006        3.6730538253363900E-005
  -310.00000000000006        3.7944061366717935E-005
  -305.00000000000006        3.9785164417324183E-005
  -300.00000000000006        4.2451773764312867E-005
  -295.00000000000006        4.6286354895111085E-005
  -290.00000000000006        5.1611130264480922E-005
  -285.00000000000006        5.8744432302919948E-005
  -280.00000000000000        6.8062047894715456E-005
  -275.00000000000006        8.0016221545053164E-005
  -270.00000000000006        9.4947644886816878E-005
  -265.00000000000000        1.1323762582879737E-004
  -260.00000000000006        1.3532248221900881E-004
  -255.00000000000003        1.6146948434844137E-004
  -250.00000000000003        1.9193863762308194E-004
  -245.00000000000006        2.2698820119323405E-004
  -240.00000000000003        2.6669629913621647E-004
  -235.00000000000003        3.1106602750124930E-004
  -230.00000000000006        3.5988970363821140E-004
  -225.00000000000003        4.1293415482216876E-004
  -220.00000000000003        4.6969202193040239E-004
  -215.00000000000006        5.2954940545082085E-004
  -210.00000000000003        5.9168936592977623E-004
  -205.00000000000003        6.5522319303956060E-004
  -200.00000000000006        7.1894140648324167E-004
  -195.00000000000003        7.8155792210985982E-004
  -190.00000000000003        8.4169536084089834E-004
  -185.00000000000003        8.9797443607624462E-004
  -180.00000000000003        9.4898199931165621E-004
  -175.00000000000003        9.9324858846409707E-004
  -170.00000000000003        1.0295926231775902E-003
  -165.00000000000003        1.0568316668369505E-003
  -160.00000000000003        1.0743245648412324E-003
  -155.00000000000003        1.0818207354773653E-003
  -150.00000000000003        1.0793470688746406E-003
  -145.00000000000003        1.0675578790483988E-003
  -140.00000000000000        1.0478263430451578E-003
  -135.00000000000003        1.0221898330301791E-003
  -130.00000000000003        9.9326034110704467E-004
  -125.00000000000001        9.6453303462568627E-004
  -120.00000000000001        9.4022891443442400E-004
  -115.00000000000003        9.2510361146536449E-004
  -110.00000000000001        9.2426491453650994E-004
  -105.00000000000001        9.4326464859469984E-004
  -100.00000000000003        9.8761391305313227E-004
  -95.000000000000014        1.0629147515031395E-003
  -90.000000000000014        1.1748025492862276E-003
  -85.000000000000014        1.3269207305776239E-003
  -80.000000000000014        1.5224425752755700E-003
  -75.000000000000014        1.7631789256551281E-003
  -70.000000000000000        2.0494785628616488E-003
  -65.000000000000014        2.3792485027776516E-003
  -60.000000000000007        2.7489121842039061E-003
  -55.000000000000007        3.1529491376220092E-003
  -50.000000000000014        3.5826574199552849E-003
  -45.000000000000007        4.0282067686788891E-003
  -40.000000000000007        4.4779390170325614E-003
  -35.000000000000000        4.9183678740263451E-003
  -30.000000000000004        5.3361517621317335E-003
  -25.000000000000007        5.7197306206039937E-003
  -20.000000000000004        6.0552705326913925E-003
  -15.000000000000002        6.3274773334074576E-003
  -10.000000000000002        6.5275906154191850E-003
  -5.0000000000000009        6.6518306248085851E-003
   0.0000000000000000        6.6961776647210805E-003
   5.0000000000000009        6.6518306248085851E-003
   10.000000000000002        6.5275906154191850E-003
   15.000000000000002        6.3274773334074576E-003
   20.000000000000004        6.0552705326913925E-003
   25.000000000000007        5.7197306206039937E-003
   30.000000000000004        5.3361517621317335E-003
   35.000000000000000        4.9183678740263451E-003
   40.000000000000007        4.4779390170325614E-003
   45.000000000000007        4.0282067686788891E-003
   50.000000000000014        3.5826574199552849E-003
   55.000000000000007        3.1529491376220092E-003
   60.000000000000007        2.7489121842039061E-003
   65.000000000000014        2.3792485027776516E-003
   70.000000000000000        2.0494785628616488E-003
   75.000000000000014        1.7631789256551281E-003
   80.000000000000014        1.5224425752755700E-003
   85.000000000000014        1.3269207305776239E-003
   90.000000000000014        1.1748025492862276E-003
   95.000000000000014        1.0629147515031395E-003
   100.00000000000003        9.8761391305313227E-004
   105.00000000000001        9.4326464859469984E-004
   110.00000000000001        9.2426491453650994E-004
   115.00000000000003        9.2510361146536449E-004
   120.00000000000001        9.4022891443442400E-004
   125.00000000000001        9.6453303462568627E-004
   130.00000000000003        9.9326034110704467E-004
   135.00000000000003        1.0221898330301791E-003
   140.00000000000000        1.0478263430451578E-003
   145.00000000000003        1.0675578790483988E-003
   150.00000000000003        1.0793470688746406E-003
   155.00000000000003        1.0818207354773653E-003
   160.00000000000003        1.0743245648412324E-003
   165.00000000000003        1.0568316668369505E-003
   170.00000000000003        1.0295926231775902E-003
   175.00000000000003        9.9324858846409707E-004
   180.00000000000003        9.4898199931165621E-004
   185.00000000000003        8.9797443607624462E-004
   190.00000000000003        8.4169536084089834E-004
   195.00000000000003        7.8155792210985982E-004
   200.00000000000006        7.1894140648324167E-004
   205.00000000000003        6.5522319303956060E-004
   210.00000000000003        5.9168936592977623E-004
   215.00000000000006        5.2954940545082085E-004
   220.00000000000003        4.6969202193040239E-004
   225.00000000000003        4.1293415482216876E-004
   230.00000000000006        3.5988970363821140E-004
   235.00000000000003        3.1106602750124930E-004
   240.00000000000003        2.6669629913621647E-004
   245.00000000000006        2.2698820119323405E-004
   250.00000000000003        1.9193863762308194E-004
   255.00000000000003        1.6146948434844137E-004
   260.00000000000006        1.3532248221900881E-004
   265.00000000000000        1.1323762582879737E-004
   270.00000000000006        9.4947644886816878E-005
   275.00000000000006        8.0016221545053164E-005
   280.00000000000000        6.8062047894715456E-005
   285.00000000000006        5.8744432302919948E-005
   290.00000000000006        5.1611130264480922E-005
   295.00000000000006        4.6286354895111085E-005
   300.00000000000006        4.2451773764312867E-005
   305.00000000000006        3.9785164417324183E-005
   310.00000000000006        3.7944061366717935E-005
   315.00000000000006        3.6730538253363900E-005
   320.00000000000006        3.5895360223226811E-005
   325.00000000000006        3.5292087285923254E-005
   330.00000000000006        3.4782495784952257E-005
   335.00000000000006        3.4208606603400189E-005
   340.00000000000006        3.3543115545802398E-005
   345.00000000000006        3.2701471560430614E-005
   350.00000000000006        3.1690025900900948E-005
   355.00000000000006        3.0464361240460937E-005
   360.00000000000006        2.9067293514627281E-005
   365.00000000000006        2.7483514118928136E-005
   370.00000000000006        2.5774842220762743E-005
   375.00000000000006        2.3939694279961693E-005
   380.00000000000006        2.2015261126293045E-005
   385.00000000000006        2.0088814843062245E-005
   390.00000000000006        1.8144872761915572E-005
   395.00000000000011        1.6251918701527698E-005
   400.00000000000011        1.4389159705989499E-005
   405.00000000000006        1.2632199953939565E-005
   410.00000000000006        1.1001321991745562E-005
   415.00000000000006        9.4614403065853286E-006
   420.00000000000006        8.0745033498567557E-006
   425.00000000000011        6.8124273352814978E-006
   430.00000000000011        5.7284259177149754E-006
   435.00000000000000        4.7522449232268774E-006
   440.00000000000006        3.9129884486916736E-006
   445.00000000000006        3.2027673950932838E-006
   450.00000000000006        2.6118467849115976E-006
   455.00000000000006        2.1285266615677023E-006
   460.00000000000011        1.7405919865213006E-006
   465.00000000000000        1.4008352289954914E-006
   470.00000000000006        1.1653078736878187E-006
   475.00000000000006        9.7003992720980214E-007
   480.00000000000006        7.8598808477164622E-007
   485.00000000000006        6.5378728220614815E-007
   490.00000000000011        5.1194327542738761E-007
   495.00000000000011        3.6859115275393391E-007
   500.00000000000006        3.4938148799091126E-032
