  -500.00000000000006        3.8339873335503555E-032
  -495.00000000000011        4.3593723153310320E-007
  -490.00000000000011        6.3330373434446324E-007
  -485.00000000000006        8.4393161931917928E-007
  -480.00000000000006        1.0580402722391539E-006
  -475.00000000000006        1.3450671585433163E-006
  -470.00000000000006        1.6580664997179182E-006
  -465.00000000000000        2.0285742726955324E-006
  -460.00000000000011        2.5274093842177322E-006
  -455.00000000000006        3.0882226057626207E-006
  -450.00000000000006        3.7611638149195706E-006
  -445.00000000000006        4.5559409395423224E-006
  -440.00000000000006        5.4809836631341567E-006
  -435.00000000000000        6.5417280992264813E-006
  -430.00000000000011        7.7409366716141612E-006
  -425.00000000000011        9.0394408216739697E-006
  -420.00000000000006        1.0509925428631752E-005
  -415.00000000000006        1.2085126971439307E-005
  -410.00000000000006        1.3790664351597972E-005
  -405.00000000000006        1.5550533117162034E-005
  -400.00000000000011        1.7400012519825355E-005
  -395.00000000000011        1.9313029817205216E-005
  -390.00000000000006        2.1202406505328938E-005
  -385.00000000000006        2.3093260387195317E-005
  -380.00000000000006        2.4911712836109390E-005
  -375.00000000000006        2.6683784886927819E-005
  -370.00000000000006        2.8320798892187009E-005
  -365.00000000000006        2.9796503440879412E-005
  -360.00000000000006        3.1132108185799829E-005
  -355.00000000000006        3.2281082362232382E-005
  -350.00000000000006        3.3288411004813534E-005
  -345.00000000000006        3.4138729754823346E-005
  -340.00000000000006        3.4917636494031083E-005
  -335.00000000000006        3.5655531313558630E-005
  -330.00000000000006        3.6487771041830404E-005
  -325.00000000000006        3.7485320258587266E-005
  -320.00000000000006        3.8866020483764292E-005
  -315.00000000000006        4.0823275618314391E-005
  -310.00000000000006        4.3552157024999542E-005
  -305.00000000000006        4.7356680101109529E-005
  -300.00000000000006        5.2473367414689334E-005
  -295.00000000000006        5.9292661063401313E-005
  -290.00000000000006        6.8161649604831149E-005
  -285.00000000000006        7.9408649955411644E-005
  -280.00000000000000        9.3407596915034201E-005
  -275.00000000000006        1.1060115509236218E-004
  -270.00000000000006        1.3127152511568273E-004
  -265.00000000000000        1.5573107968260523E-004
  -260.00000000000006        1.8433514689198695E-004
  -255.00000000000003        2.1722223852619013E-004
  -250.00000000000003        2.5450680841503863E-004
  -245.00000000000006        2.9628819158194017E-004
  -240.00000000000003        3.4244867067427086E-004
  -235.00000000000003        3.9278243534185707E-004
  -230.00000000000006        4.4685952972034688E-004
  -225.00000000000003        5.0423483802676766E-004
  -220.00000000000003        5.6417532972381497E-004
  -215.00000000000006        6.2587517085180668E-004
  -210.00000000000003        6.8833355745434935E-004
  -205.00000000000003        7.5052798615619389E-004
  -200.00000000000006        8.1113282139267187E-004
  -195.00000000000003        8.6886993898149822E-004
  -190.00000000000003        9.2240710913773160E-004
  -185.00000000000003        9.7048406149982842E-004
  -180.00000000000003        1.0119085408231941E-003
  -175.00000000000003        1.0455035261968883E-003
  -170.00000000000003        1.0704817165768472E-003
  -165.00000000000003        1.0861079290785663E-003
  -160.00000000000003        1.0923052343362193E-003
  -155.00000000000003        1.0894010117293710E-003
  -150.00000000000003        1.0780181167682088E-003
  -145.00000000000003        1.0594108420451140E-003
  -140.00000000000000        1.0354736346997293E-003
  -135.00000000000003        1.0087055168021284E-003
  -130.00000000000003        9.8208400352116929E-004
  -125.00000000000001        9.5926011238089612E-004
  -120.00000000000001        9.4435325376916149E-004
  -115.00000000000003        9.4184322329681478E-004
  -110.00000000000001        9.5628962282591858E-004
  -105.00000000000001        9.9240393771324667E-004
  -100.00000000000003        1.0546424478465911E-003
  -95.000000000000014        1.1473741054933099E-003
  -90.000000000000014        1.2746686233559724E-003
  -85.000000000000014        1.4385975378763908E-003
  -80.000000000000014        1.6408249718695631E-003
  -75.000000000000014        1.8816916458389869E-003
  -70.000000000000000        2.1602684356519485E-003
  -65.000000000000014        2.4736267441651904E-003
  -60.000000000000007        2.8176169336816236E-003
  -55.000000000000007        3.1865308486882719E-003
  -50.000000000000014        3.5726014621840461E-003
  -45.000000000000007        3.9673153335373652E-003
  -40.000000000000007        4.3605467898175593E-003
  -35.000000000000000        4.7411705074986961E-003
  -30.000000000000004        5.0989838885673981E-003
  -25.000000000000007        5.4248939176914862E-003
  -20.000000000000004        5.7077502170881722E-003
  -15.000000000000002        5.9358583184637333E-003
  -10.000000000000002        6.1030420194079071E-003
  -5.0000000000000009        6.2066560073982240E-003
   0.0000000000000000        6.2435212574529306E-003
   5.0000000000000009        6.2066560073982240E-003
   10.000000000000002        6.1030420194079071E-003
   15.000000000000002        5.9358583184637333E-003
   20.000000000000004        5.7077502170881722E-003
   25.000000000000007        5.4248939176914862E-003
   30.000000000000004        5.0989838885673981E-003
   35.000000000000000        4.7411705074986961E-003
   40.000000000000007        4.3605467898175593E-003
   45.000000000000007        3.9673153335373652E-003
   50.000000000000014        3.5726014621840461E-003
   55.000000000000007        3.1865308486882719E-003
   60.000000000000007        2.8176169336816236E-003
   65.000000000000014        2.4736267441651904E-003
   70.000000000000000        2.1602684356519485E-003
   75.000000000000014        1.8816916458389869E-003
   80.000000000000014        1.6408249718695631E-003
   85.000000000000014        1.4385975378763908E-003
   90.000000000000014        1.2746686233559724E-003
   95.000000000000014        1.1473741054933099E-003
   100.00000000000003        1.0546424478465911E-003
   105.00000000000001        9.9240393771324667E-004
   110.00000000000001        9.5628962282591858E-004
   115.00000000000003        9.4184322329681478E-004
   120.00000000000001        9.4435325376916149E-004
   125.00000000000001        9.5926011238089612E-004
   130.00000000000003        9.8208400352116929E-004
   135.00000000000003        1.0087055168021284E-003
   140.00000000000000        1.0354736346997293E-003
   145.00000000000003        1.0594108420451140E-003
   150.00000000000003        1.0780181167682088E-003
   155.00000000000003        1.0894010117293710E-003
   160.00000000000003        1.0923052343362193E-003
   165.00000000000003        1.0861079290785663E-003
   170.00000000000003        1.0704817165768472E-003
   175.00000000000003        1.0455035261968883E-003
   180.00000000000003        1.0119085408231941E-003
   185.00000000000003        9.7048406149982842E-004
   190.00000000000003        9.2240710913773160E-004
   195.00000000000003        8.6886993898149822E-004
   200.00000000000006        8.1113282139267187E-004
   205.00000000000003        7.5052798615619389E-004
   210.00000000000003        6.8833355745434935E-004
   215.00000000000006        6.2587517085180668E-004
   220.00000000000003        5.6417532972381497E-004
   225.00000000000003        5.0423483802676766E-004
   230.00000000000006        4.4685952972034688E-004
   235.00000000000003        3.9278243534185707E-004
   240.00000000000003        3.4244867067427086E-004
   245.00000000000006        2.9628819158194017E-004
   250.00000000000003        2.5450680841503863E-004
   255.00000000000003        2.1722223852619013E-004
   260.00000000000006        1.8433514689198695E-004
   265.00000000000000        1.5573107968260523E-004
   270.00000000000006        1.3127152511568273E-004
   275.00000000000006        1.1060115509236218E-004
   280.00000000000000        9.3407596915034201E-005
   285.00000000000006        7.9408649955411644E-005
   290.00000000000006        6.8161649604831149E-005
   295.00000000000006        5.9292661063401313E-005
   300.00000000000006        5.2473367414689334E-005
   305.00000000000006        4.7356680101109529E-005
   310.00000000000006        4.3552157024999542E-005
   315.00000000000006        4.0823275618314391E-005
   320.00000000000006        3.8866020483764292E-005
   325.00000000000006        3.7485320258587266E-005
   330.00000000000006        3.6487771041830404E-005
   335.00000000000006        3.5655531313558630E-005
   340.00000000000006        3.4917636494031083E-005
   345.00000000000006        3.4138729754823346E-005
   350.00000000000006        3.3288411004813534E-005
   355.00000000000006        3.2281082362232382E-005
   360.00000000000006        3.1132108185799829E-005
   365.00000000000006        2.9796503440879412E-005
   370.00000000000006        2.8320798892187009E-005
   375.00000000000006        2.6683784886927819E-005
   380.00000000000006        2.4911712836109390E-005
   385.00000000000006        2.3093260387195317E-005
   390.00000000000006        2.1202406505328938E-005
   395.00000000000011        1.9313029817205216E-005
   400.00000000000011        1.7400012519825355E-005
   405.00000000000006        1.5550533117162034E-005
   410.00000000000006        1.3790664351597972E-005
   415.00000000000006        1.2085126971439307E-005
   420.00000000000006        1.0509925428631752E-005
   425.00000000000011        9.0394408216739697E-006
   430.00000000000011        7.7409366716141612E-006
   435.00000000000000        6.5417280992264813E-006
   440.00000000000006        5.4809836631341567E-006
   445.00000000000006        4.5559409395423224E-006
   450.00000000000006        3.7611638149195706E-006
   455.00000000000006        3.0882226057626207E-006
   460.00000000000011        2.5274093842177322E-006
   465.00000000000000        2.0285742726955324E-006
   470.00000000000006        1.6580664997179182E-006
   475.00000000000006        1.3450671585433163E-006
   480.00000000000006        1.0580402722391539E-006
   485.00000000000006        8.4393161931917928E-007
   490.00000000000011        6.3330373434446324E-007
   495.00000000000011        4.3593723153310320E-007
   500.00000000000006        3.8339873335503555E-032
