  -500.00000000000006        1.7144453123872656E-031
  -495.00000000000011        5.6398232314524038E-007
  -490.00000000000011        7.8705854375374128E-007
  -485.00000000000006        9.9314297142733383E-007
  -480.00000000000006        1.1592996126790165E-006
  -475.00000000000006        1.3674737182012792E-006
  -470.00000000000006        1.5456765667132564E-006
  -465.00000000000000        1.7265005518075545E-006
  -460.00000000000011        1.9955367236779018E-006
  -455.00000000000006        2.2583445853006970E-006
  -450.00000000000006        2.5765971456803116E-006
  -445.00000000000006        2.9611052675908085E-006
  -440.00000000000006        3.4234660955906080E-006
  -435.00000000000000        3.9753905953060084E-006
  -430.00000000000011        4.6287336411597002E-006
  -425.00000000000011        5.3433913309040891E-006
  -420.00000000000006        6.2331907728985646E-006
  -415.00000000000006        7.2302588895756202E-006
  -410.00000000000006        8.3939650440804337E-006
  -405.00000000000006        9.6528268317315897E-006
  -400.00000000000011        1.1086746103044871E-005
  -395.00000000000011        1.2695809083208260E-005
  -390.00000000000006        1.4399777937963091E-005
  -385.00000000000006        1.6268031596239376E-005
  -380.00000000000006        1.8237040479179289E-005
  -375.00000000000006        2.0369264079148334E-005
  -370.00000000000006        2.2568259540226043E-005
  -365.00000000000006        2.4810951022943035E-005
  -360.00000000000006        2.7123718981615226E-005
  -355.00000000000006        2.9429143044630935E-005
  -350.00000000000006        3.1752470113824019E-005
  -345.00000000000006        3.4013711376013612E-005
  -340.00000000000006        3.6242581393006800E-005
  -335.00000000000006        3.8372032320381768E-005
  -330.00000000000006        4.0445634062687503E-005
  -325.00000000000006        4.2390106758393025E-005
  -320.00000000000006        4.4301558376258704E-005
  -315.00000000000006        4.6217421301215609E-005
  -310.00000000000006        4.8147431857177872E-005
  -305.00000000000006        5.0231048053574270E-005
  -300.00000000000006        5.2507500294625406E-005
  -295.00000000000006        5.5205520784431710E-005
  -290.00000000000006        5.8514556943297933E-005
  -285.00000000000006        6.2609484552272733E-005
  -280.00000000000000        6.7758244016292291E-005
  -275.00000000000006        7.4350928758407751E-005
  -270.00000000000006        8.2664835727364462E-005
  -265.00000000000000        9.3089064652613615E-005
  -260.00000000000006        1.0613958849621193E-004
  -255.00000000000003        1.2219637835329716E-004
  -250.00000000000003        1.4174262510139590E-004
  -245.00000000000006        1.6536697621818505E-004
  -240.00000000000003        1.9351142162090930E-004
  -235.00000000000003        2.2675328522413313E-004
  -230.00000000000006        2.6551589090489220E-004
  -225.00000000000003        3.1034654162285022E-004
  -220.00000000000003        3.6157330403651457E-004
  -215.00000000000006        4.1958870279440815E-004
  -210.00000000000003        4.8463608425125554E-004
  -205.00000000000003        5.5700367981142106E-004
  -200.00000000000006        6.3670285659614477E-004
  -195.00000000000003        7.2361738700582221E-004
  -190.00000000000003        8.1749386001079346E-004
  -185.00000000000003        9.1805987543278219E-004
  -180.00000000000003        1.0248389375016665E-003
  -175.00000000000003        1.1370649432750409E-003
  -170.00000000000003        1.2540203218157780E-003
  -165.00000000000003        1.3747693917770894E-003
  -160.00000000000003        1.4981601269432969E-003
  -155.00000000000003        1.6230967527056969E-003
  -150.00000000000003        1.7482188867896026E-003
  -145.00000000000003        1.8722704204414027E-003
  -140.00000000000000        1.9940026955675332E-003
  -135.00000000000003        2.1121466599382443E-003
  -130.00000000000003        2.2253571638773508E-003
  -125.00000000000001        2.3325825706320006E-003
  -120.00000000000001        2.4329893270711375E-003
  -115.00000000000003        2.5256250468167749E-003
  -110.00000000000001        2.6100029011016010E-003
  -105.00000000000001        2.6858126640816830E-003
  -100.00000000000003        2.7529473172097111E-003
  -95.000000000000014        2.8114476092386169E-003
  -90.000000000000014        2.8616231137258068E-003
  -85.000000000000014        2.9042241589298935E-003
  -80.000000000000014        2.9398895990859005E-003
  -75.000000000000014        2.9694477440589105E-003
  -70.000000000000000        2.9938851661532101E-003
  -65.000000000000014        3.0140631571451983E-003
  -60.000000000000007        3.0309703565762195E-003
  -55.000000000000007        3.0453823272324379E-003
  -50.000000000000014        3.0578322251935304E-003
  -45.000000000000007        3.0690546224223258E-003
  -40.000000000000007        3.0797137754041688E-003
  -35.000000000000000        3.0897230256064796E-003
  -30.000000000000004        3.0986577769843140E-003
  -25.000000000000007        3.1066412104779908E-003
  -20.000000000000004        3.1138922288333590E-003
  -15.000000000000002        3.1200960662684462E-003
  -10.000000000000002        3.1247402275850584E-003
  -5.0000000000000009        3.1275778367468735E-003
   0.0000000000000000        3.1285518676572826E-003
   5.0000000000000009        3.1275778367468735E-003
   10.000000000000002        3.1247402275850584E-003
   15.000000000000002        3.1200960662684462E-003
   20.000000000000004        3.1138922288333590E-003
   25.000000000000007        3.1066412104779908E-003
   30.000000000000004        3.0986577769843140E-003
   35.000000000000000        3.0897230256064796E-003
   40.000000000000007        3.0797137754041688E-003
   45.000000000000007        3.0690546224223258E-003
   50.000000000000014        3.0578322251935304E-003
   55.000000000000007        3.0453823272324379E-003
   60.000000000000007        3.0309703565762195E-003
   65.000000000000014        3.0140631571451983E-003
   70.000000000000000        2.9938851661532101E-003
   75.000000000000014        2.9694477440589105E-003
   80.000000000000014        2.9398895990859005E-003
   85.000000000000014        2.9042241589298935E-003
   90.000000000000014        2.8616231137258068E-003
   95.000000000000014        2.8114476092386169E-003
   100.00000000000003        2.7529473172097111E-003
   105.00000000000001        2.6858126640816830E-003
   110.00000000000001        2.6100029011016010E-003
   115.00000000000003        2.5256250468167749E-003
   120.00000000000001        2.4329893270711375E-003
   125.00000000000001        2.3325825706320006E-003
   130.00000000000003        2.2253571638773508E-003
   135.00000000000003        2.1121466599382443E-003
   140.00000000000000        1.9940026955675332E-003
   145.00000000000003        1.8722704204414027E-003
   150.00000000000003        1.7482188867896026E-003
   155.00000000000003        1.6230967527056969E-003
   160.00000000000003        1.4981601269432969E-003
   165.00000000000003        1.3747693917770894E-003
   170.00000000000003        1.2540203218157780E-003
   175.00000000000003        1.1370649432750409E-003
   180.00000000000003        1.0248389375016665E-003
   185.00000000000003        9.1805987543278219E-004
   190.00000000000003        8.1749386001079346E-004
   195.00000000000003        7.2361738700582221E-004
   200.00000000000006        6.3670285659614477E-004
   205.00000000000003        5.5700367981142106E-004
   210.00000000000003        4.8463608425125554E-004
   215.00000000000006        4.1958870279440815E-004
   220.00000000000003        3.6157330403651457E-004
   225.00000000000003        3.1034654162285022E-004
   230.00000000000006        2.6551589090489220E-004
   235.00000000000003        2.2675328522413313E-004
   240.00000000000003        1.9351142162090930E-004
   245.00000000000006        1.6536697621818505E-004
   250.00000000000003        1.4174262510139590E-004
   255.00000000000003        1.2219637835329716E-004
   260.00000000000006        1.0613958849621193E-004
   265.00000000000000        9.3089064652613615E-005
   270.00000000000006        8.2664835727364462E-005
   275.00000000000006        7.4350928758407751E-005
   280.00000000000000        6.7758244016292291E-005
   285.00000000000006        6.2609484552272733E-005
   290.00000000000006        5.8514556943297933E-005
   295.00000000000006        5.5205520784431710E-005
   300.00000000000006        5.2507500294625406E-005
   305.00000000000006        5.0231048053574270E-005
   310.00000000000006        4.8147431857177872E-005
   315.00000000000006        4.6217421301215609E-005
   320.00000000000006        4.4301558376258704E-005
   325.00000000000006        4.2390106758393025E-005
   330.00000000000006        4.0445634062687503E-005
   335.00000000000006        3.8372032320381768E-005
   340.00000000000006        3.6242581393006800E-005
   345.00000000000006        3.4013711376013612E-005
   350.00000000000006        3.1752470113824019E-005
   355.00000000000006        2.9429143044630935E-005
   360.00000000000006        2.7123718981615226E-005
   365.00000000000006        2.4810951022943035E-005
   370.00000000000006        2.2568259540226043E-005
   375.00000000000006        2.0369264079148334E-005
   380.00000000000006        1.8237040479179289E-005
   385.00000000000006        1.6268031596239376E-005
   390.00000000000006        1.4399777937963091E-005
   395.00000000000011        1.2695809083208260E-005
   400.00000000000011        1.1086746103044871E-005
   405.00000000000006        9.6528268317315897E-006
   410.00000000000006        8.3939650440804337E-006
   415.00000000000006        7.2302588895756202E-006
   420.00000000000006        6.2331907728985646E-006
   425.00000000000011        5.3433913309040891E-006
   430.00000000000011        4.6287336411597002E-006
   435.00000000000000        3.9753905953060084E-006
   440.00000000000006        3.4234660955906080E-006
   445.00000000000006        2.9611052675908085E-006
   450.00000000000006        2.5765971456803116E-006
   455.00000000000006        2.2583445853006970E-006
   460.00000000000011        1.9955367236779018E-006
   465.00000000000000        1.7265005518075545E-006
   470.00000000000006        1.5456765667132564E-006
   475.00000000000006        1.3674737182012792E-006
   480.00000000000006        1.1592996126790165E-006
   485.00000000000006        9.9314297142733383E-007
   490.00000000000011        7.8705854375374128E-007
   495.00000000000011        5.6398232314524038E-007
   500.00000000000006        1.7144453123872656E-031
