  -500.00000000000006        4.1546354341443173E-032
  -495.00000000000011        5.4548785944455848E-007
  -490.00000000000011        8.1847324856841398E-007
  -485.00000000000006        1.1188235462508880E-006
  -480.00000000000006        1.4320488293264018E-006
  -475.00000000000006        1.8395861887784750E-006
  -470.00000000000006        2.2816791868943319E-006
  -465.00000000000000        2.7927799605609310E-006
  -460.00000000000011        3.4545410018571915E-006
  -455.00000000000006        4.1820080605968329E-006
  -450.00000000000006        5.0304971754956252E-006
  -445.00000000000006        6.0060864458026093E-006
  -440.00000000000006        7.1129432638423226E-006
  -435.00000000000000        8.3514955640102584E-006
  -430.00000000000011        9.7189711319760242E-006
  -425.00000000000011        1.1162722848240854E-005
  -420.00000000000006        1.2765336572397821E-005
  -415.00000000000006        1.4441271170454314E-005
  -410.00000000000006        1.6218878856959961E-005
  -405.00000000000006        1.8005204058661378E-005
  -400.00000000000011        1.9844079606620471E-005
  -395.00000000000011        2.1707402655851228E-005
  -390.00000000000006        2.3495518934348019E-005
  -385.00000000000006        2.5248341290316974E-005
  -380.00000000000006        2.6888793243357445E-005
  -375.00000000000006        2.8465031559698556E-005
  -370.00000000000006        2.9887734710002862E-005
  -365.00000000000006        3.1148168755918731E-005
  -360.00000000000006        3.2296664052724881E-005
  -355.00000000000006        3.3304209043494264E-005
  -350.00000000000006        3.4253700659545193E-005
  -345.00000000000006        3.5157102588442572E-005
  -340.00000000000006        3.6146045166777181E-005
  -335.00000000000006        3.7283806155838768E-005
  -330.00000000000006        3.8757112773445979E-005
  -325.00000000000006        4.0669245946498783E-005
  -320.00000000000006        4.3294299820638256E-005
  -315.00000000000006        4.6869084761634873E-005
  -310.00000000000006        5.1616793018544334E-005
  -305.00000000000006        5.7879695782220941E-005
  -300.00000000000006        6.5904794668982620E-005
  -295.00000000000006        7.6109592660267297E-005
  -290.00000000000006        8.8836964259782726E-005
  -285.00000000000006        1.0439101316852104E-004
  -280.00000000000000        1.2311245651982103E-004
  -275.00000000000006        1.4540795115492838E-004
  -270.00000000000006        1.7146633506469377E-004
  -265.00000000000000        2.0150569637007593E-004
  -260.00000000000006        2.3578331361330974E-004
  -255.00000000000003        2.7428992715073232E-004
  -250.00000000000003        3.1699010238031382E-004
  -245.00000000000006        3.6383314242921294E-004
  -240.00000000000003        4.1451130414862111E-004
  -235.00000000000003        4.6864783913633061E-004
  -230.00000000000006        5.2563215746402213E-004
  -225.00000000000003        5.8486888543176502E-004
  -220.00000000000003        6.4546174564437074E-004
  -215.00000000000006        7.0650300660816652E-004
  -210.00000000000003        7.6689638315582855E-004
  -205.00000000000003        8.2558921371574600E-004
  -200.00000000000006        8.8123930598679419E-004
  -195.00000000000003        9.3268269072832436E-004
  -190.00000000000003        9.7871847038536082E-004
  -185.00000000000003        1.0182842259810415E-003
  -180.00000000000003        1.0504694464676210E-003
  -175.00000000000003        1.0744131392077796E-003
  -170.00000000000003        1.0897224400658134E-003
  -165.00000000000003        1.0960749880301304E-003
  -160.00000000000003        1.0938638447663530E-003
  -155.00000000000003        1.0838674376109757E-003
  -150.00000000000003        1.0671321092051841E-003
  -145.00000000000003        1.0453148326017849E-003
  -140.00000000000000        1.0206005946220475E-003
  -135.00000000000003        9.9570411879587465E-004
  -130.00000000000003        9.7371124888666512E-004
  -125.00000000000001        9.5819818236056410E-004
  -120.00000000000001        9.5300470959091296E-004
  -115.00000000000003        9.6218574880518133E-004
  -110.00000000000001        9.8971365961307545E-004
  -105.00000000000001        1.0395085154253515E-003
  -100.00000000000003        1.1151264597487546E-003
  -95.000000000000014        1.2199558200463394E-003
  -90.000000000000014        1.3568848472218075E-003
  -85.000000000000014        1.5269215131023105E-003
  -80.000000000000014        1.7307508390139714E-003
  -75.000000000000014        1.9678366630245555E-003
  -70.000000000000000        2.2365659982843812E-003
  -65.000000000000014        2.5336446830584781E-003
  -60.000000000000007        2.8547811089766721E-003
  -55.000000000000007        3.1944464316646173E-003
  -50.000000000000014        3.5457675322927589E-003
  -45.000000000000007        3.9012607898732425E-003
  -40.000000000000007        4.2520064104044665E-003
  -35.000000000000000        4.5886799553620794E-003
  -30.000000000000004        4.9031636295484510E-003
  -25.000000000000007        5.1879220729303469E-003
  -20.000000000000004        5.4336418665818518E-003
  -15.000000000000002        5.6309827077153781E-003
  -10.000000000000002        5.7753163076819025E-003
  -5.0000000000000009        5.8646538908185761E-003
   0.0000000000000000        5.8963611474221588E-003
   5.0000000000000009        5.8646538908185761E-003
   10.000000000000002        5.7753163076819025E-003
   15.000000000000002        5.6309827077153781E-003
   20.000000000000004        5.4336418665818518E-003
   25.000000000000007        5.1879220729303469E-003
   30.000000000000004        4.9031636295484510E-003
   35.000000000000000        4.5886799553620794E-003
   40.000000000000007        4.2520064104044665E-003
   45.000000000000007        3.9012607898732425E-003
   50.000000000000014        3.5457675322927589E-003
   55.000000000000007        3.1944464316646173E-003
   60.000000000000007        2.8547811089766721E-003
   65.000000000000014        2.5336446830584781E-003
   70.000000000000000        2.2365659982843812E-003
   75.000000000000014        1.9678366630245555E-003
   80.000000000000014        1.7307508390139714E-003
   85.000000000000014        1.5269215131023105E-003
   90.000000000000014        1.3568848472218075E-003
   95.000000000000014        1.2199558200463394E-003
   100.00000000000003        1.1151264597487546E-003
   105.00000000000001        1.0395085154253515E-003
   110.00000000000001        9.8971365961307545E-004
   115.00000000000003        9.6218574880518133E-004
   120.00000000000001        9.5300470959091296E-004
   125.00000000000001        9.5819818236056410E-004
   130.00000000000003        9.7371124888666512E-004
   135.00000000000003        9.9570411879587465E-004
   140.00000000000000        1.0206005946220475E-003
   145.00000000000003        1.0453148326017849E-003
   150.00000000000003        1.0671321092051841E-003
   155.00000000000003        1.0838674376109757E-003
   160.00000000000003        1.0938638447663530E-003
   165.00000000000003        1.0960749880301304E-003
   170.00000000000003        1.0897224400658134E-003
   175.00000000000003        1.0744131392077796E-003
   180.00000000000003        1.0504694464676210E-003
   185.00000000000003        1.0182842259810415E-003
   190.00000000000003        9.7871847038536082E-004
   195.00000000000003        9.3268269072832436E-004
   200.00000000000006        8.8123930598679419E-004
   205.00000000000003        8.2558921371574600E-004
   210.00000000000003        7.6689638315582855E-004
   215.00000000000006        7.0650300660816652E-004
   220.00000000000003        6.4546174564437074E-004
   225.00000000000003        5.8486888543176502E-004
   230.00000000000006        5.2563215746402213E-004
   235.00000000000003        4.6864783913633061E-004
   240.00000000000003        4.1451130414862111E-004
   245.00000000000006        3.6383314242921294E-004
   250.00000000000003        3.1699010238031382E-004
   255.00000000000003        2.7428992715073232E-004
   260.00000000000006        2.3578331361330974E-004
   265.00000000000000        2.0150569637007593E-004
   270.00000000000006        1.7146633506469377E-004
   275.00000000000006        1.4540795115492838E-004
   280.00000000000000        1.2311245651982103E-004
   285.00000000000006        1.0439101316852104E-004
   290.00000000000006        8.8836964259782726E-005
   295.00000000000006        7.6109592660267297E-005
   300.00000000000006        6.5904794668982620E-005
   305.00000000000006        5.7879695782220941E-005
   310.00000000000006        5.1616793018544334E-005
   315.00000000000006        4.6869084761634873E-005
   320.00000000000006        4.3294299820638256E-005
   325.00000000000006        4.0669245946498783E-005
   330.00000000000006        3.8757112773445979E-005
   335.00000000000006        3.7283806155838768E-005
   340.00000000000006        3.6146045166777181E-005
   345.00000000000006        3.5157102588442572E-005
   350.00000000000006        3.4253700659545193E-005
   355.00000000000006        3.3304209043494264E-005
   360.00000000000006        3.2296664052724881E-005
   365.00000000000006        3.1148168755918731E-005
   370.00000000000006        2.9887734710002862E-005
   375.00000000000006        2.8465031559698556E-005
   380.00000000000006        2.6888793243357445E-005
   385.00000000000006        2.5248341290316974E-005
   390.00000000000006        2.3495518934348019E-005
   395.00000000000011        2.1707402655851228E-005
   400.00000000000011        1.9844079606620471E-005
   405.00000000000006        1.8005204058661378E-005
   410.00000000000006        1.6218878856959961E-005
   415.00000000000006        1.4441271170454314E-005
   420.00000000000006        1.2765336572397821E-005
   425.00000000000011        1.1162722848240854E-005
   430.00000000000011        9.7189711319760242E-006
   435.00000000000000        8.3514955640102584E-006
   440.00000000000006        7.1129432638423226E-006
   445.00000000000006        6.0060864458026093E-006
   450.00000000000006        5.0304971754956252E-006
   455.00000000000006        4.1820080605968329E-006
   460.00000000000011        3.4545410018571915E-006
   465.00000000000000        2.7927799605609310E-006
   470.00000000000006        2.2816791868943319E-006
   475.00000000000006        1.8395861887784750E-006
   480.00000000000006        1.4320488293264018E-006
   485.00000000000006        1.1188235462508880E-006
   490.00000000000011        8.1847324856841398E-007
   495.00000000000011        5.4548785944455848E-007
   500.00000000000006        4.1546354341443173E-032
