  -500.00000000000006        4.0063909167591694E-032
  -495.00000000000011        4.8884589031461557E-007
  -490.00000000000011        7.2390263910460392E-007
  -485.00000000000006        9.7991905560066401E-007
  -480.00000000000006        1.2449954102117506E-006
  -475.00000000000006        1.5944086248872826E-006
  -470.00000000000006        1.9752305768457041E-006
  -465.00000000000000        2.4204698991422949E-006
  -460.00000000000011        3.0061612198872354E-006
  -455.00000000000006        3.6571109678811482E-006
  -450.00000000000006        4.4258872144554918E-006
  -445.00000000000006        5.3203700435601477E-006
  -440.00000000000006        6.3468032436577329E-006
  -435.00000000000000        7.5079997492059931E-006
  -430.00000000000011        8.8037772755451734E-006
  -425.00000000000011        1.0188193965804106E-005
  -420.00000000000006        1.1738171795247961E-005
  -415.00000000000006        1.3377230298262371E-005
  -410.00000000000006        1.5131726078587143E-005
  -405.00000000000006        1.6916989461218558E-005
  -400.00000000000011        1.8771745880591022E-005
  -395.00000000000011        2.0668357131345400E-005
  -390.00000000000006        2.2513150248993371E-005
  -385.00000000000006        2.4337798162365249E-005
  -380.00000000000006        2.6066509907172727E-005
  -375.00000000000006        2.7735679781305707E-005
  -370.00000000000006        2.9256315282696579E-005
  -365.00000000000006        3.0610794903957829E-005
  -360.00000000000006        3.1834768314753751E-005
  -355.00000000000006        3.2890948040474634E-005
  -350.00000000000006        3.3843641849946911E-005
  -345.00000000000006        3.4692296242574280E-005
  -340.00000000000006        3.5546607315040131E-005
  -335.00000000000006        3.6455208771385524E-005
  -330.00000000000006        3.7580927467681861E-005
  -325.00000000000006        3.9013582134582347E-005
  -320.00000000000006        4.1001538748933428E-005
  -315.00000000000006        4.3762900729247955E-005
  -310.00000000000006        4.7510332489095274E-005
  -305.00000000000006        5.2570210984856979E-005
  -300.00000000000006        5.9188050223925486E-005
  -295.00000000000006        6.7771041193739092E-005
  -290.00000000000006        7.8667274166233862E-005
  -285.00000000000006        9.2195975071634608E-005
  -280.00000000000000        1.0871668636918629E-004
  -275.00000000000006        1.2865542896184338E-004
  -270.00000000000006        1.5224817654269364E-004
  -265.00000000000000        1.7975931261566083E-004
  -260.00000000000006        2.1149303474526839E-004
  -255.00000000000003        2.4751054239320603E-004
  -250.00000000000003        2.8784602102861149E-004
  -245.00000000000006        3.3251684554317084E-004
  -240.00000000000003        3.8130261106260772E-004
  -235.00000000000003        4.3390116482894069E-004
  -230.00000000000006        4.8978098471911841E-004
  -225.00000000000003        5.4840931702061758E-004
  -220.00000000000003        6.0895897476222010E-004
  -215.00000000000006        6.7055966916990584E-004
  -210.00000000000003        7.3215023505073429E-004
  -205.00000000000003        7.9268113718161486E-004
  -200.00000000000006        8.5080807566284740E-004
  -195.00000000000003        9.0530356936344700E-004
  -190.00000000000003        9.5489784269355016E-004
  -185.00000000000003        9.9842952190636893E-004
  -180.00000000000003        1.0348522148349232E-003
  -175.00000000000003        1.0631575200713411E-003
  -170.00000000000003        1.0827707476643834E-003
  -165.00000000000003        1.0931829909284127E-003
  -160.00000000000003        1.0945799266070812E-003
  -155.00000000000003        1.0875442163902876E-003
  -150.00000000000003        1.0729438046291457E-003
  -145.00000000000003        1.0522683975766739E-003
  -140.00000000000000        1.0275904058371079E-003
  -135.00000000000003        1.0015475148783864E-003
  -130.00000000000003        9.7719896297603125E-004
  -125.00000000000001        9.5817564508045587E-004
  -120.00000000000001        9.4846131273524270E-004
  -115.00000000000003        9.5231962835616590E-004
  -110.00000000000001        9.7399602641071376E-004
  -105.00000000000001        1.0177703753911018E-003
  -100.00000000000003        1.0875997927010774E-003
  -95.000000000000014        1.1873025559159028E-003
  -90.000000000000014        1.3202790666154876E-003
  -85.000000000000014        1.4879852274656416E-003
  -80.000000000000014        1.6915141918710803E-003
  -75.000000000000014        1.9306862475338821E-003
  -70.000000000000000        2.2041569209104218E-003
  -65.000000000000014        2.5087653585068479E-003
  -60.000000000000007        2.8402522951516112E-003
  -55.000000000000007        3.1929788126090195E-003
  -50.000000000000014        3.5596660517154695E-003
  -45.000000000000007        3.9323801919237357E-003
  -40.000000000000007        4.3016696697565490E-003
  -35.000000000000000        4.6574237382129543E-003
  -30.000000000000004        4.9906459280318876E-003
  -25.000000000000007        5.2931492419421014E-003
  -20.000000000000004        5.5548357307373848E-003
  -15.000000000000002        5.7653731746929015E-003
  -10.000000000000002        5.9194954029233781E-003
  -5.0000000000000009        6.0149451445891417E-003
   0.0000000000000000        6.0488585465022383E-003
   5.0000000000000009        6.0149451445891417E-003
   10.000000000000002        5.9194954029233781E-003
   15.000000000000002        5.7653731746929015E-003
   20.000000000000004        5.5548357307373848E-003
   25.000000000000007        5.2931492419421014E-003
   30.000000000000004        4.9906459280318876E-003
   35.000000000000000        4.6574237382129543E-003
   40.000000000000007        4.3016696697565490E-003
   45.000000000000007        3.9323801919237357E-003
   50.000000000000014        3.5596660517154695E-003
   55.000000000000007        3.1929788126090195E-003
   60.000000000000007        2.8402522951516112E-003
   65.000000000000014        2.5087653585068479E-003
   70.000000000000000        2.2041569209104218E-003
   75.000000000000014        1.9306862475338821E-003
   80.000000000000014        1.6915141918710803E-003
   85.000000000000014        1.4879852274656416E-003
   90.000000000000014        1.3202790666154876E-003
   95.000000000000014        1.1873025559159028E-003
   100.00000000000003        1.0875997927010774E-003
   105.00000000000001        1.0177703753911018E-003
   110.00000000000001        9.7399602641071376E-004
   115.00000000000003        9.5231962835616590E-004
   120.00000000000001        9.4846131273524270E-004
   125.00000000000001        9.5817564508045587E-004
   130.00000000000003        9.7719896297603125E-004
   135.00000000000003        1.0015475148783864E-003
   140.00000000000000        1.0275904058371079E-003
   145.00000000000003        1.0522683975766739E-003
   150.00000000000003        1.0729438046291457E-003
   155.00000000000003        1.0875442163902876E-003
   160.00000000000003        1.0945799266070812E-003
   165.00000000000003        1.0931829909284127E-003
   170.00000000000003        1.0827707476643834E-003
   175.00000000000003        1.0631575200713411E-003
   180.00000000000003        1.0348522148349232E-003
   185.00000000000003        9.9842952190636893E-004
   190.00000000000003        9.5489784269355016E-004
   195.00000000000003        9.0530356936344700E-004
   200.00000000000006        8.5080807566284740E-004
   205.00000000000003        7.9268113718161486E-004
   210.00000000000003        7.3215023505073429E-004
   215.00000000000006        6.7055966916990584E-004
   220.00000000000003        6.0895897476222010E-004
   225.00000000000003        5.4840931702061758E-004
   230.00000000000006        4.8978098471911841E-004
   235.00000000000003        4.3390116482894069E-004
   240.00000000000003        3.8130261106260772E-004
   245.00000000000006        3.3251684554317084E-004
   250.00000000000003        2.8784602102861149E-004
   255.00000000000003        2.4751054239320603E-004
   260.00000000000006        2.1149303474526839E-004
   265.00000000000000        1.7975931261566083E-004
   270.00000000000006        1.5224817654269364E-004
   275.00000000000006        1.2865542896184338E-004
   280.00000000000000        1.0871668636918629E-004
   285.00000000000006        9.2195975071634608E-005
   290.00000000000006        7.8667274166233862E-005
   295.00000000000006        6.7771041193739092E-005
   300.00000000000006        5.9188050223925486E-005
   305.00000000000006        5.2570210984856979E-005
   310.00000000000006        4.7510332489095274E-005
   315.00000000000006        4.3762900729247955E-005
   320.00000000000006        4.1001538748933428E-005
   325.00000000000006        3.9013582134582347E-005
   330.00000000000006        3.7580927467681861E-005
   335.00000000000006        3.6455208771385524E-005
   340.00000000000006        3.5546607315040131E-005
   345.00000000000006        3.4692296242574280E-005
   350.00000000000006        3.3843641849946911E-005
   355.00000000000006        3.2890948040474634E-005
   360.00000000000006        3.1834768314753751E-005
   365.00000000000006        3.0610794903957829E-005
   370.00000000000006        2.9256315282696579E-005
   375.00000000000006        2.7735679781305707E-005
   380.00000000000006        2.6066509907172727E-005
   385.00000000000006        2.4337798162365249E-005
   390.00000000000006        2.2513150248993371E-005
   395.00000000000011        2.0668357131345400E-005
   400.00000000000011        1.8771745880591022E-005
   405.00000000000006        1.6916989461218558E-005
   410.00000000000006        1.5131726078587143E-005
   415.00000000000006        1.3377230298262371E-005
   420.00000000000006        1.1738171795247961E-005
   425.00000000000011        1.0188193965804106E-005
   430.00000000000011        8.8037772755451734E-006
   435.00000000000000        7.5079997492059931E-006
   440.00000000000006        6.3468032436577329E-006
   445.00000000000006        5.3203700435601477E-006
   450.00000000000006        4.4258872144554918E-006
   455.00000000000006        3.6571109678811482E-006
   460.00000000000011        3.0061612198872354E-006
   465.00000000000000        2.4204698991422949E-006
   470.00000000000006        1.9752305768457041E-006
   475.00000000000006        1.5944086248872826E-006
   480.00000000000006        1.2449954102117506E-006
   485.00000000000006        9.7991905560066401E-007
   490.00000000000011        7.2390263910460392E-007
   495.00000000000011        4.8884589031461557E-007
   500.00000000000006        4.0063909167591694E-032
