  -500.00000000000006        1.1574989628377531E-031
  -495.00000000000011        6.3316773179567657E-007
  -490.00000000000011        9.4029665838824938E-007
  -485.00000000000006        1.2470799513311697E-006
  -480.00000000000006        1.5198446186100212E-006
  -475.00000000000006        1.8352957721803072E-006
  -470.00000000000006        2.1074101478619522E-006
  -465.00000000000000        2.3583613793019125E-006
  -460.00000000000011        2.6654144280688606E-006
  -455.00000000000006        2.9153950480590644E-006
  -450.00000000000006        3.1579426243710524E-006
  -445.00000000000006        3.3891334472814235E-006
  -440.00000000000006        3.6055374449109906E-006
  -435.00000000000000        3.8045921041524648E-006
  -430.00000000000011        3.9848694075037748E-006
  -425.00000000000011        4.0933136490394871E-006
  -420.00000000000006        4.2399533599014751E-006
  -415.00000000000006        4.3476727974019970E-006
  -410.00000000000006        4.4779527310984090E-006
  -405.00000000000006        4.5597571009656343E-006
  -400.00000000000011        4.6876267884536708E-006
  -395.00000000000011        4.8782623343200873E-006
  -390.00000000000006        5.0700300780842093E-006
  -385.00000000000006        5.3682134333762339E-006
  -380.00000000000006        5.7449761192936057E-006
  -375.00000000000006        6.3142190214140415E-006
  -370.00000000000006        7.0244970987889711E-006
  -365.00000000000006        7.9119431942968548E-006
  -360.00000000000006        9.0655463714001532E-006
  -355.00000000000006        1.0468182180616909E-005
  -350.00000000000006        1.2209109648988073E-005
  -345.00000000000006        1.4266156827864951E-005
  -340.00000000000006        1.6720002908990593E-005
  -335.00000000000006        1.9539448363444005E-005
  -330.00000000000006        2.2793263888060031E-005
  -325.00000000000006        2.6404984407649824E-005
  -320.00000000000006        3.0451402062023473E-005
  -315.00000000000006        3.4919939653904473E-005
  -310.00000000000006        3.9720216467425588E-005
  -305.00000000000006        4.4859416820960240E-005
  -300.00000000000006        5.0198241564208411E-005
  -295.00000000000006        5.5747835590332061E-005
  -290.00000000000006        6.1420355426876493E-005
  -285.00000000000006        6.7066236466122262E-005
  -280.00000000000000        7.2584820922945027E-005
  -275.00000000000006        7.7955511378904047E-005
  -270.00000000000006        8.2990136059390564E-005
  -265.00000000000000        8.7601275676960308E-005
  -260.00000000000006        9.1798925487545410E-005
  -255.00000000000003        9.5458175785974474E-005
  -250.00000000000003        9.8580409179534691E-005
  -245.00000000000006        1.0129094962683629E-004
  -240.00000000000003        1.0358072517161717E-004
  -235.00000000000003        1.0572103606646272E-004
  -230.00000000000006        1.0793163339751524E-004
  -225.00000000000003        1.1065970451513887E-004
  -220.00000000000003        1.1426648610688270E-004
  -215.00000000000006        1.1942256061377144E-004
  -210.00000000000003        1.2677851672906351E-004
  -205.00000000000003        1.3724348283184807E-004
  -200.00000000000006        1.5168494210753827E-004
  -195.00000000000003        1.7122410966126129E-004
  -190.00000000000003        1.9694088982982947E-004
  -185.00000000000003        2.3009095114553287E-004
  -180.00000000000003        2.7199220086979148E-004
  -175.00000000000003        3.2383413251467594E-004
  -170.00000000000003        3.8694984959075076E-004
  -165.00000000000003        4.6260705691356064E-004
  -160.00000000000003        5.5176248901270123E-004
  -155.00000000000003        6.5530608246317304E-004
  -150.00000000000003        7.7380645009180382E-004
  -145.00000000000003        9.0773804088551486E-004
  -140.00000000000000        1.0570762594308391E-003
  -135.00000000000003        1.2214060765472488E-003
  -130.00000000000003        1.3999703956136540E-003
  -125.00000000000001        1.5915471432027685E-003
  -120.00000000000001        1.7942276059004340E-003
  -115.00000000000003        2.0056838409162033E-003
  -110.00000000000001        2.2234395441188253E-003
  -105.00000000000001        2.4443442908226071E-003
  -100.00000000000003        2.6650950279247811E-003
  -95.000000000000014        2.8823416448449462E-003
  -90.000000000000014        3.0921113829901732E-003
  -85.000000000000014        3.2909324512597361E-003
  -80.000000000000014        3.4756206475142801E-003
  -75.000000000000014        3.6432237840516224E-003
  -70.000000000000000        3.7912310556696732E-003
  -65.000000000000014        3.9179125725725163E-003
  -60.000000000000007        4.0222326820333141E-003
  -55.000000000000007        4.1037553278973002E-003
  -50.000000000000014        4.1634829544921247E-003
  -45.000000000000007        4.2028978177554681E-003
  -40.000000000000007        4.2243564474013263E-003
  -35.000000000000000        4.2312437327077417E-003
  -30.000000000000004        4.2271397203366536E-003
  -25.000000000000007        4.2146308256932044E-003
  -20.000000000000004        4.1973317793534710E-003
  -15.000000000000002        4.1800983361014454E-003
  -10.000000000000002        4.1662420653777125E-003
  -5.0000000000000009        4.1570544145748539E-003
   0.0000000000000000        4.1533542489761181E-003
   5.0000000000000009        4.1570544145748539E-003
   10.000000000000002        4.1662420653777125E-003
   15.000000000000002        4.1800983361014454E-003
   20.000000000000004        4.1973317793534710E-003
   25.000000000000007        4.2146308256932044E-003
   30.000000000000004        4.2271397203366536E-003
   35.000000000000000        4.2312437327077417E-003
   40.000000000000007        4.2243564474013263E-003
   45.000000000000007        4.2028978177554681E-003
   50.000000000000014        4.1634829544921247E-003
   55.000000000000007        4.1037553278973002E-003
   60.000000000000007        4.0222326820333141E-003
   65.000000000000014        3.9179125725725163E-003
   70.000000000000000        3.7912310556696732E-003
   75.000000000000014        3.6432237840516224E-003
   80.000000000000014        3.4756206475142801E-003
   85.000000000000014        3.2909324512597361E-003
   90.000000000000014        3.0921113829901732E-003
   95.000000000000014        2.8823416448449462E-003
   100.00000000000003        2.6650950279247811E-003
   105.00000000000001        2.4443442908226071E-003
   110.00000000000001        2.2234395441188253E-003
   115.00000000000003        2.0056838409162033E-003
   120.00000000000001        1.7942276059004340E-003
   125.00000000000001        1.5915471432027685E-003
   130.00000000000003        1.3999703956136540E-003
   135.00000000000003        1.2214060765472488E-003
   140.00000000000000        1.0570762594308391E-003
   145.00000000000003        9.0773804088551486E-004
   150.00000000000003        7.7380645009180382E-004
   155.00000000000003        6.5530608246317304E-004
   160.00000000000003        5.5176248901270123E-004
   165.00000000000003        4.6260705691356064E-004
   170.00000000000003        3.8694984959075076E-004
   175.00000000000003        3.2383413251467594E-004
   180.00000000000003        2.7199220086979148E-004
   185.00000000000003        2.3009095114553287E-004
   190.00000000000003        1.9694088982982947E-004
   195.00000000000003        1.7122410966126129E-004
   200.00000000000006        1.5168494210753827E-004
   205.00000000000003        1.3724348283184807E-004
   210.00000000000003        1.2677851672906351E-004
   215.00000000000006        1.1942256061377144E-004
   220.00000000000003        1.1426648610688270E-004
   225.00000000000003        1.1065970451513887E-004
   230.00000000000006        1.0793163339751524E-004
   235.00000000000003        1.0572103606646272E-004
   240.00000000000003        1.0358072517161717E-004
   245.00000000000006        1.0129094962683629E-004
   250.00000000000003        9.8580409179534691E-005
   255.00000000000003        9.5458175785974474E-005
   260.00000000000006        9.1798925487545410E-005
   265.00000000000000        8.7601275676960308E-005
   270.00000000000006        8.2990136059390564E-005
   275.00000000000006        7.7955511378904047E-005
   280.00000000000000        7.2584820922945027E-005
   285.00000000000006        6.7066236466122262E-005
   290.00000000000006        6.1420355426876493E-005
   295.00000000000006        5.5747835590332061E-005
   300.00000000000006        5.0198241564208411E-005
   305.00000000000006        4.4859416820960240E-005
   310.00000000000006        3.9720216467425588E-005
   315.00000000000006        3.4919939653904473E-005
   320.00000000000006        3.0451402062023473E-005
   325.00000000000006        2.6404984407649824E-005
   330.00000000000006        2.2793263888060031E-005
   335.00000000000006        1.9539448363444005E-005
   340.00000000000006        1.6720002908990593E-005
   345.00000000000006        1.4266156827864951E-005
   350.00000000000006        1.2209109648988073E-005
   355.00000000000006        1.0468182180616909E-005
   360.00000000000006        9.0655463714001532E-006
   365.00000000000006        7.9119431942968548E-006
   370.00000000000006        7.0244970987889711E-006
   375.00000000000006        6.3142190214140415E-006
   380.00000000000006        5.7449761192936057E-006
   385.00000000000006        5.3682134333762339E-006
   390.00000000000006        5.0700300780842093E-006
   395.00000000000011        4.8782623343200873E-006
   400.00000000000011        4.6876267884536708E-006
   405.00000000000006        4.5597571009656343E-006
   410.00000000000006        4.4779527310984090E-006
   415.00000000000006        4.3476727974019970E-006
   420.00000000000006        4.2399533599014751E-006
   425.00000000000011        4.0933136490394871E-006
   430.00000000000011        3.9848694075037748E-006
   435.00000000000000        3.8045921041524648E-006
   440.00000000000006        3.6055374449109906E-006
   445.00000000000006        3.3891334472814235E-006
   450.00000000000006        3.1579426243710524E-006
   455.00000000000006        2.9153950480590644E-006
   460.00000000000011        2.6654144280688606E-006
   465.00000000000000        2.3583613793019125E-006
   470.00000000000006        2.1074101478619522E-006
   475.00000000000006        1.8352957721803072E-006
   480.00000000000006        1.5198446186100212E-006
   485.00000000000006        1.2470799513311697E-006
   490.00000000000011        9.4029665838824938E-007
   495.00000000000011        6.3316773179567657E-007
   500.00000000000006        1.1574989628377531E-031
