  -500.00000000000006        1.3698534776317456E-031
  -495.00000000000011        7.6154500517164204E-007
  -490.00000000000011        1.1085289544331691E-006
  -485.00000000000006        1.4426859405110660E-006
  -480.00000000000006        1.7234244840580099E-006
  -475.00000000000006        2.0453885718097212E-006
  -470.00000000000006        2.3039485951592548E-006
  -465.00000000000000        2.5277196574249124E-006
  -460.00000000000011        2.8131757509392172E-006
  -455.00000000000006        3.0239014930989159E-006
  -450.00000000000006        3.2237912157791288E-006
  -445.00000000000006        3.4115660190107710E-006
  -440.00000000000006        3.5870768411192365E-006
  -435.00000000000000        3.7517895319458500E-006
  -430.00000000000011        3.9089585529336876E-006
  -425.00000000000011        3.9983377303184545E-006
  -420.00000000000006        4.1604325905394497E-006
  -415.00000000000006        4.3058625017670882E-006
  -410.00000000000006        4.5146574240562437E-006
  -405.00000000000006        4.7036612625020185E-006
  -400.00000000000011        4.9917863330832367E-006
  -395.00000000000011        5.4010978698062928E-006
  -390.00000000000006        5.8560685350820458E-006
  -385.00000000000006        6.4834674745991575E-006
  -380.00000000000006        7.2447648364316179E-006
  -375.00000000000006        8.2714924232638343E-006
  -370.00000000000006        9.4908693704119457E-006
  -365.00000000000006        1.0932975465675330E-005
  -360.00000000000006        1.2690136516136907E-005
  -355.00000000000006        1.4721193722609492E-005
  -350.00000000000006        1.7112619639028152E-005
  -345.00000000000006        1.9810075653789530E-005
  -340.00000000000006        2.2884418724307194E-005
  -335.00000000000006        2.6267840504652474E-005
  -330.00000000000006        3.0014556043221505E-005
  -325.00000000000006        3.4001093240180315E-005
  -320.00000000000006        3.8294117051919043E-005
  -315.00000000000006        4.2853283152033698E-005
  -310.00000000000006        4.7550557963572186E-005
  -305.00000000000006        5.2384953076163778E-005
  -300.00000000000006        5.7184328945509571E-005
  -295.00000000000006        6.1970585101136979E-005
  -290.00000000000006        6.6661606477832247E-005
  -285.00000000000006        7.1111911392339762E-005
  -280.00000000000000        7.5252171819158880E-005
  -275.00000000000006        7.9126095562889864E-005
  -270.00000000000006        8.2598102952701361E-005
  -265.00000000000000        8.5667437236836504E-005
  -260.00000000000006        8.8467067017473146E-005
  -255.00000000000003        9.0980355883029683E-005
  -250.00000000000003        9.3353560088114287E-005
  -245.00000000000006        9.5890343897295384E-005
  -240.00000000000003        9.8733070627335718E-005
  -235.00000000000003        1.0235849634742810E-004
  -230.00000000000006        1.0715725323427547E-004
  -225.00000000000003        1.1377595721117947E-004
  -220.00000000000003        1.2272222001784283E-004
  -215.00000000000006        1.3482615694160159E-004
  -210.00000000000003        1.5084659366059320E-004
  -205.00000000000003        1.7179047808099768E-004
  -200.00000000000006        1.9853742683006610E-004
  -195.00000000000003        2.3215048822478564E-004
  -190.00000000000003        2.7357762346962478E-004
  -185.00000000000003        3.2389352160108915E-004
  -180.00000000000003        3.8413801453711632E-004
  -175.00000000000003        4.5509837402946769E-004
  -170.00000000000003        5.3766391086058343E-004
  -165.00000000000003        6.3255292644550602E-004
  -160.00000000000003        7.4008199630941612E-004
  -155.00000000000003        8.6048431928734224E-004
  -150.00000000000003        9.9358231191989965E-004
  -145.00000000000003        1.1391239326580922E-003
  -140.00000000000000        1.2963972364675716E-003
  -135.00000000000003        1.4643358107147822E-003
  -130.00000000000003        1.6415433317985230E-003
  -125.00000000000001        1.8263508807674399E-003
  -120.00000000000001        2.0166420347228161E-003
  -115.00000000000003        2.2099227417759562E-003
  -110.00000000000001        2.4038394173665901E-003
  -105.00000000000001        2.5956157254975868E-003
  -100.00000000000003        2.7825157333070780E-003
  -95.000000000000014        2.9618956270192217E-003
  -90.000000000000014        3.1308036101971130E-003
  -85.000000000000014        3.2870199119748667E-003
  -80.000000000000014        3.4285455606111654E-003
  -75.000000000000014        3.5537266169448287E-003
  -70.000000000000000        3.6613572822878429E-003
  -65.000000000000014        3.7507945314150352E-003
  -60.000000000000007        3.8220506262209900E-003
  -55.000000000000007        3.8755577686600115E-003
  -50.000000000000014        3.9125763309370704E-003
  -45.000000000000007        3.9346958874709511E-003
  -40.000000000000007        3.9442900612445984E-003
  -35.000000000000000        3.9441546831644712E-003
  -30.000000000000004        3.9367237774465876E-003
  -25.000000000000007        3.9239234248957195E-003
  -20.000000000000004        3.9086611745703312E-003
  -15.000000000000002        3.8944013877553374E-003
  -10.000000000000002        3.8832159567572630E-003
  -5.0000000000000009        3.8758679313285263E-003
   0.0000000000000000        3.8729475367244586E-003
   5.0000000000000009        3.8758679313285263E-003
   10.000000000000002        3.8832159567572630E-003
   15.000000000000002        3.8944013877553374E-003
   20.000000000000004        3.9086611745703312E-003
   25.000000000000007        3.9239234248957195E-003
   30.000000000000004        3.9367237774465876E-003
   35.000000000000000        3.9441546831644712E-003
   40.000000000000007        3.9442900612445984E-003
   45.000000000000007        3.9346958874709511E-003
   50.000000000000014        3.9125763309370704E-003
   55.000000000000007        3.8755577686600115E-003
   60.000000000000007        3.8220506262209900E-003
   65.000000000000014        3.7507945314150352E-003
   70.000000000000000        3.6613572822878429E-003
   75.000000000000014        3.5537266169448287E-003
   80.000000000000014        3.4285455606111654E-003
   85.000000000000014        3.2870199119748667E-003
   90.000000000000014        3.1308036101971130E-003
   95.000000000000014        2.9618956270192217E-003
   100.00000000000003        2.7825157333070780E-003
   105.00000000000001        2.5956157254975868E-003
   110.00000000000001        2.4038394173665901E-003
   115.00000000000003        2.2099227417759562E-003
   120.00000000000001        2.0166420347228161E-003
   125.00000000000001        1.8263508807674399E-003
   130.00000000000003        1.6415433317985230E-003
   135.00000000000003        1.4643358107147822E-003
   140.00000000000000        1.2963972364675716E-003
   145.00000000000003        1.1391239326580922E-003
   150.00000000000003        9.9358231191989965E-004
   155.00000000000003        8.6048431928734224E-004
   160.00000000000003        7.4008199630941612E-004
   165.00000000000003        6.3255292644550602E-004
   170.00000000000003        5.3766391086058343E-004
   175.00000000000003        4.5509837402946769E-004
   180.00000000000003        3.8413801453711632E-004
   185.00000000000003        3.2389352160108915E-004
   190.00000000000003        2.7357762346962478E-004
   195.00000000000003        2.3215048822478564E-004
   200.00000000000006        1.9853742683006610E-004
   205.00000000000003        1.7179047808099768E-004
   210.00000000000003        1.5084659366059320E-004
   215.00000000000006        1.3482615694160159E-004
   220.00000000000003        1.2272222001784283E-004
   225.00000000000003        1.1377595721117947E-004
   230.00000000000006        1.0715725323427547E-004
   235.00000000000003        1.0235849634742810E-004
   240.00000000000003        9.8733070627335718E-005
   245.00000000000006        9.5890343897295384E-005
   250.00000000000003        9.3353560088114287E-005
   255.00000000000003        9.0980355883029683E-005
   260.00000000000006        8.8467067017473146E-005
   265.00000000000000        8.5667437236836504E-005
   270.00000000000006        8.2598102952701361E-005
   275.00000000000006        7.9126095562889864E-005
   280.00000000000000        7.5252171819158880E-005
   285.00000000000006        7.1111911392339762E-005
   290.00000000000006        6.6661606477832247E-005
   295.00000000000006        6.1970585101136979E-005
   300.00000000000006        5.7184328945509571E-005
   305.00000000000006        5.2384953076163778E-005
   310.00000000000006        4.7550557963572186E-005
   315.00000000000006        4.2853283152033698E-005
   320.00000000000006        3.8294117051919043E-005
   325.00000000000006        3.4001093240180315E-005
   330.00000000000006        3.0014556043221505E-005
   335.00000000000006        2.6267840504652474E-005
   340.00000000000006        2.2884418724307194E-005
   345.00000000000006        1.9810075653789530E-005
   350.00000000000006        1.7112619639028152E-005
   355.00000000000006        1.4721193722609492E-005
   360.00000000000006        1.2690136516136907E-005
   365.00000000000006        1.0932975465675330E-005
   370.00000000000006        9.4908693704119457E-006
   375.00000000000006        8.2714924232638343E-006
   380.00000000000006        7.2447648364316179E-006
   385.00000000000006        6.4834674745991575E-006
   390.00000000000006        5.8560685350820458E-006
   395.00000000000011        5.4010978698062928E-006
   400.00000000000011        4.9917863330832367E-006
   405.00000000000006        4.7036612625020185E-006
   410.00000000000006        4.5146574240562437E-006
   415.00000000000006        4.3058625017670882E-006
   420.00000000000006        4.1604325905394497E-006
   425.00000000000011        3.9983377303184545E-006
   430.00000000000011        3.9089585529336876E-006
   435.00000000000000        3.7517895319458500E-006
   440.00000000000006        3.5870768411192365E-006
   445.00000000000006        3.4115660190107710E-006
   450.00000000000006        3.2237912157791288E-006
   455.00000000000006        3.0239014930989159E-006
   460.00000000000011        2.8131757509392172E-006
   465.00000000000000        2.5277196574249124E-006
   470.00000000000006        2.3039485951592548E-006
   475.00000000000006        2.0453885718097212E-006
   480.00000000000006        1.7234244840580099E-006
   485.00000000000006        1.4426859405110660E-006
   490.00000000000011        1.1085289544331691E-006
   495.00000000000011        7.6154500517164204E-007
   500.00000000000006        1.3698534776317456E-031
