  -500.00000000000006        1.3726278162274601E-031
  -495.00000000000011        8.1219353352500296E-007
  -490.00000000000011        1.1814721010625601E-006
  -485.00000000000006        1.5364867296396289E-006
  -480.00000000000006        1.8338502649695088E-006
  -475.00000000000006        2.1744831900633622E-006
  -470.00000000000006        2.4466751493500620E-006
  -465.00000000000000        2.6809230584571335E-006
  -460.00000000000011        2.9801577144627112E-006
  -455.00000000000006        3.1988340725428911E-006
  -450.00000000000006        3.4051966021495786E-006
  -445.00000000000006        3.5979919670929329E-006
  -440.00000000000006        3.7772201853317247E-006
  -435.00000000000000        3.9446671479364255E-006
  -430.00000000000011        4.1040838105154667E-006
  -425.00000000000011        4.1915011304029709E-006
  -420.00000000000006        4.3572488824022573E-006
  -415.00000000000006        4.5063809039122676E-006
  -410.00000000000006        4.7247533171160757E-006
  -405.00000000000006        4.9241045428930351E-006
  -400.00000000000011        5.2317953593562911E-006
  -395.00000000000011        5.6718030256382409E-006
  -390.00000000000006        6.1639049962294522E-006
  -385.00000000000006        6.8436493861086169E-006
  -380.00000000000006        7.6700788845008105E-006
  -375.00000000000006        8.7834945290158927E-006
  -370.00000000000006        1.0106001379206429E-005
  -365.00000000000006        1.1669186721726620E-005
  -360.00000000000006        1.3570790936780137E-005
  -355.00000000000006        1.5765829840548144E-005
  -350.00000000000006        1.8345198262671083E-005
  -345.00000000000006        2.1249108179598329E-005
  -340.00000000000006        2.4551106384501790E-005
  -335.00000000000006        2.8176518553955322E-005
  -330.00000000000006        3.2180623938897592E-005
  -325.00000000000006        3.6428901294434326E-005
  -320.00000000000006        4.0989665453756630E-005
  -315.00000000000006        4.5817056034900344E-005
  -310.00000000000006        5.0771828715399295E-005
  -305.00000000000006        5.5850681025620062E-005
  -300.00000000000006        6.0868132712187364E-005
  -295.00000000000006        6.5846216483751992E-005
  -290.00000000000006        7.0697051103947535E-005
  -285.00000000000006        7.5265842263300343E-005
  -280.00000000000000        7.9480038499106224E-005
  -275.00000000000006        8.3388508011141585E-005
  -270.00000000000006        8.6850448515121903E-005
  -265.00000000000000        8.9869396162742656E-005
  -260.00000000000006        9.2591916725855473E-005
  -255.00000000000003        9.5005474831461222E-005
  -250.00000000000003        9.7271015841886408E-005
  -245.00000000000006        9.9716347939474940E-005
  -240.00000000000003        1.0249554305737087E-004
  -235.00000000000003        1.0611716325044066E-004
  -230.00000000000006        1.1099363700955651E-004
  -225.00000000000003        1.1780562568421433E-004
  -220.00000000000003        1.2707945180352278E-004
  -215.00000000000006        1.3967801923302775E-004
  -210.00000000000003        1.5637968297330107E-004
  -205.00000000000003        1.7821767567116135E-004
  -200.00000000000006        2.0607788848030941E-004
  -195.00000000000003        2.4103143933431635E-004
  -190.00000000000003        2.8401609129924139E-004
  -185.00000000000003        3.3609328737905191E-004
  -180.00000000000003        3.9827814908478234E-004
  -175.00000000000003        4.7130663564897085E-004
  -170.00000000000003        5.5601929383144999E-004
  -165.00000000000003        6.5306389634472463E-004
  -160.00000000000003        7.6267564417027017E-004
  -155.00000000000003        8.8500390117711100E-004
  -150.00000000000003        1.0197663990350317E-003
  -145.00000000000003        1.1666164468856685E-003
  -140.00000000000000        1.3247485000580472E-003
  -135.00000000000003        1.4930086079600567E-003
  -130.00000000000003        1.6699110876956724E-003
  -125.00000000000001        1.8537274745615297E-003
  -120.00000000000001        2.0423153337069152E-003
  -115.00000000000003        2.2331530854036372E-003
  -110.00000000000001        2.4239073881779094E-003
  -105.00000000000001        2.6118522337063997E-003
  -100.00000000000003        2.7943280819231978E-003
  -95.000000000000014        2.9687876626527292E-003
  -90.000000000000014        3.1324108185460421E-003
  -85.000000000000014        3.2831417135096670E-003
  -80.000000000000014        3.4191349300405727E-003
  -75.000000000000014        3.5389030802959716E-003
  -70.000000000000000        3.6414055213917539E-003
  -65.000000000000014        3.7261252838291258E-003
  -60.000000000000007        3.7932070905427277E-003
  -55.000000000000007        3.8431897303822637E-003
  -50.000000000000014        3.8773543440344788E-003
  -45.000000000000007        3.8972934715446250E-003
  -40.000000000000007        3.9053852246480987E-003
  -35.000000000000000        3.9043484606990182E-003
  -30.000000000000004        3.8964676368644581E-003
  -25.000000000000007        3.8835914784867637E-003
  -20.000000000000004        3.8685420450501932E-003
  -15.000000000000002        3.8546123504537675E-003
  -10.000000000000002        3.8437265257779490E-003
  -5.0000000000000009        3.8365863687151334E-003
   0.0000000000000000        3.8337552359473484E-003
   5.0000000000000009        3.8365863687151334E-003
   10.000000000000002        3.8437265257779490E-003
   15.000000000000002        3.8546123504537675E-003
   20.000000000000004        3.8685420450501932E-003
   25.000000000000007        3.8835914784867637E-003
   30.000000000000004        3.8964676368644581E-003
   35.000000000000000        3.9043484606990182E-003
   40.000000000000007        3.9053852246480987E-003
   45.000000000000007        3.8972934715446250E-003
   50.000000000000014        3.8773543440344788E-003
   55.000000000000007        3.8431897303822637E-003
   60.000000000000007        3.7932070905427277E-003
   65.000000000000014        3.7261252838291258E-003
   70.000000000000000        3.6414055213917539E-003
   75.000000000000014        3.5389030802959716E-003
   80.000000000000014        3.4191349300405727E-003
   85.000000000000014        3.2831417135096670E-003
   90.000000000000014        3.1324108185460421E-003
   95.000000000000014        2.9687876626527292E-003
   100.00000000000003        2.7943280819231978E-003
   105.00000000000001        2.6118522337063997E-003
   110.00000000000001        2.4239073881779094E-003
   115.00000000000003        2.2331530854036372E-003
   120.00000000000001        2.0423153337069152E-003
   125.00000000000001        1.8537274745615297E-003
   130.00000000000003        1.6699110876956724E-003
   135.00000000000003        1.4930086079600567E-003
   140.00000000000000        1.3247485000580472E-003
   145.00000000000003        1.1666164468856685E-003
   150.00000000000003        1.0197663990350317E-003
   155.00000000000003        8.8500390117711100E-004
   160.00000000000003        7.6267564417027017E-004
   165.00000000000003        6.5306389634472463E-004
   170.00000000000003        5.5601929383144999E-004
   175.00000000000003        4.7130663564897085E-004
   180.00000000000003        3.9827814908478234E-004
   185.00000000000003        3.3609328737905191E-004
   190.00000000000003        2.8401609129924139E-004
   195.00000000000003        2.4103143933431635E-004
   200.00000000000006        2.0607788848030941E-004
   205.00000000000003        1.7821767567116135E-004
   210.00000000000003        1.5637968297330107E-004
   215.00000000000006        1.3967801923302775E-004
   220.00000000000003        1.2707945180352278E-004
   225.00000000000003        1.1780562568421433E-004
   230.00000000000006        1.1099363700955651E-004
   235.00000000000003        1.0611716325044066E-004
   240.00000000000003        1.0249554305737087E-004
   245.00000000000006        9.9716347939474940E-005
   250.00000000000003        9.7271015841886408E-005
   255.00000000000003        9.5005474831461222E-005
   260.00000000000006        9.2591916725855473E-005
   265.00000000000000        8.9869396162742656E-005
   270.00000000000006        8.6850448515121903E-005
   275.00000000000006        8.3388508011141585E-005
   280.00000000000000        7.9480038499106224E-005
   285.00000000000006        7.5265842263300343E-005
   290.00000000000006        7.0697051103947535E-005
   295.00000000000006        6.5846216483751992E-005
   300.00000000000006        6.0868132712187364E-005
   305.00000000000006        5.5850681025620062E-005
   310.00000000000006        5.0771828715399295E-005
   315.00000000000006        4.5817056034900344E-005
   320.00000000000006        4.0989665453756630E-005
   325.00000000000006        3.6428901294434326E-005
   330.00000000000006        3.2180623938897592E-005
   335.00000000000006        2.8176518553955322E-005
   340.00000000000006        2.4551106384501790E-005
   345.00000000000006        2.1249108179598329E-005
   350.00000000000006        1.8345198262671083E-005
   355.00000000000006        1.5765829840548144E-005
   360.00000000000006        1.3570790936780137E-005
   365.00000000000006        1.1669186721726620E-005
   370.00000000000006        1.0106001379206429E-005
   375.00000000000006        8.7834945290158927E-006
   380.00000000000006        7.6700788845008105E-006
   385.00000000000006        6.8436493861086169E-006
   390.00000000000006        6.1639049962294522E-006
   395.00000000000011        5.6718030256382409E-006
   400.00000000000011        5.2317953593562911E-006
   405.00000000000006        4.9241045428930351E-006
   410.00000000000006        4.7247533171160757E-006
   415.00000000000006        4.5063809039122676E-006
   420.00000000000006        4.3572488824022573E-006
   425.00000000000011        4.1915011304029709E-006
   430.00000000000011        4.1040838105154667E-006
   435.00000000000000        3.9446671479364255E-006
   440.00000000000006        3.7772201853317247E-006
   445.00000000000006        3.5979919670929329E-006
   450.00000000000006        3.4051966021495786E-006
   455.00000000000006        3.1988340725428911E-006
   460.00000000000011        2.9801577144627112E-006
   465.00000000000000        2.6809230584571335E-006
   470.00000000000006        2.4466751493500620E-006
   475.00000000000006        2.1744831900633622E-006
   480.00000000000006        1.8338502649695088E-006
   485.00000000000006        1.5364867296396289E-006
   490.00000000000011        1.1814721010625601E-006
   495.00000000000011        8.1219353352500296E-007
   500.00000000000006        1.3726278162274601E-031
