  -500.00000000000006        1.8518933546992411E-031
  -495.00000000000011        5.9064310789706898E-007
  -490.00000000000011        8.3220653149853683E-007
  -485.00000000000006        1.0625738324293739E-006
  -480.00000000000006        1.2591565847157147E-006
  -475.00000000000006        1.5085036494475365E-006
  -470.00000000000006        1.7369963335589159E-006
  -465.00000000000000        1.9796487397547525E-006
  -460.00000000000011        2.3264460459916964E-006
  -455.00000000000006        2.6798087265349443E-006
  -450.00000000000006        3.1042116709615277E-006
  -445.00000000000006        3.6107902426951995E-006
  -440.00000000000006        4.2110834950298479E-006
  -435.00000000000000        4.9161011470286495E-006
  -430.00000000000011        5.7364199828418259E-006
  -425.00000000000011        6.6280703447297021E-006
  -420.00000000000006        7.7062421422708021E-006
  -415.00000000000006        8.8966124184280079E-006
  -410.00000000000006        1.0256614310626238E-005
  -405.00000000000006        1.1707047989919127E-005
  -400.00000000000011        1.3325622412312850E-005
  -395.00000000000011        1.5106871449961618E-005
  -390.00000000000006        1.6961738501923933E-005
  -385.00000000000006        1.8956798640803229E-005
  -380.00000000000006        2.1020697822376867E-005
  -375.00000000000006        2.3214308571569316E-005
  -370.00000000000006        2.5434179878698078E-005
  -365.00000000000006        2.7654863898502187E-005
  -360.00000000000006        2.9904365425066719E-005
  -355.00000000000006        3.2104914840321034E-005
  -350.00000000000006        3.4288363294813931E-005
  -345.00000000000006        3.6381115031477382E-005
  -340.00000000000006        3.8427187996032360E-005
  -335.00000000000006        4.0373480924242373E-005
  -330.00000000000006        4.2286148516069568E-005
  -325.00000000000006        4.4114622313564204E-005
  -320.00000000000006        4.5988045238007324E-005
  -315.00000000000006        4.7978490131260929E-005
  -310.00000000000006        5.0133583479299283E-005
  -305.00000000000006        5.2638066029494257E-005
  -300.00000000000006        5.5574068821740103E-005
  -295.00000000000006        5.9223032156630283E-005
  -290.00000000000006        6.3823129454208396E-005
  -285.00000000000006        6.9596281620204156E-005
  -280.00000000000000        7.6856983994811573E-005
  -275.00000000000006        8.6043273513679576E-005
  -270.00000000000006        9.7462113429860675E-005
  -265.00000000000000        1.1152786944199357E-004
  -260.00000000000006        1.2877886406835619E-004
  -255.00000000000003        1.4959196391651559E-004
  -250.00000000000003        1.7443455743814580E-004
  -245.00000000000006        2.0386895835126530E-004
  -240.00000000000003        2.3828850424233500E-004
  -235.00000000000003        2.7819434146061895E-004
  -230.00000000000006        3.2391107860034273E-004
  -225.00000000000003        3.7587621394922469E-004
  -220.00000000000003        4.3428024012680049E-004
  -215.00000000000006        4.9936034840965271E-004
  -210.00000000000003        5.7118740530055800E-004
  -205.00000000000003        6.4987083142839649E-004
  -200.00000000000006        7.3521634756595130E-004
  -195.00000000000003        8.2691505199140858E-004
  -190.00000000000003        9.2452309406006682E-004
  -185.00000000000003        1.0275866491069462E-003
  -180.00000000000003        1.1354657477828879E-003
  -175.00000000000003        1.2472462976835651E-003
  -170.00000000000003        1.3621068474786076E-003
  -165.00000000000003        1.4790164247468903E-003
  -160.00000000000003        1.5968212764612749E-003
  -155.00000000000003        1.7144580849186664E-003
  -150.00000000000003        1.8306328562176467E-003
  -145.00000000000003        1.9442075850293361E-003
  -140.00000000000000        2.0541111186133071E-003
  -135.00000000000003        2.1593051553026369E-003
  -130.00000000000003        2.2586971577480889E-003
  -125.00000000000001        2.3515259952820258E-003
  -120.00000000000001        2.4372822474452850E-003
  -115.00000000000003        2.5153347703225294E-003
  -110.00000000000001        2.5854873790546250E-003
  -105.00000000000001        2.6477235929731353E-003
  -100.00000000000003        2.7021830383671757E-003
  -95.000000000000014        2.7491108813533435E-003
  -90.000000000000014        2.7889910738894924E-003
  -85.000000000000014        2.8226301607152697E-003
  -80.000000000000014        2.8506849209316977E-003
  -75.000000000000014        2.8739416957844844E-003
  -70.000000000000000        2.8933101780464028E-003
  -65.000000000000014        2.9095151454582519E-003
  -60.000000000000007        2.9233661143203880E-003
  -55.000000000000007        2.9354279482617547E-003
  -50.000000000000014        2.9460959594606027E-003
  -45.000000000000007        2.9559960726778453E-003
  -40.000000000000007        2.9655666248068284E-003
  -35.000000000000000        2.9745479945287368E-003
  -30.000000000000004        2.9825723730763495E-003
  -25.000000000000007        2.9898040299282964E-003
  -20.000000000000004        2.9963680996939936E-003
  -15.000000000000002        3.0019334805141012E-003
  -10.000000000000002        3.0060742942679777E-003
  -5.0000000000000009        3.0086007725854615E-003
   0.0000000000000000        3.0094681086758860E-003
   5.0000000000000009        3.0086007725854615E-003
   10.000000000000002        3.0060742942679777E-003
   15.000000000000002        3.0019334805141012E-003
   20.000000000000004        2.9963680996939936E-003
   25.000000000000007        2.9898040299282964E-003
   30.000000000000004        2.9825723730763495E-003
   35.000000000000000        2.9745479945287368E-003
   40.000000000000007        2.9655666248068284E-003
   45.000000000000007        2.9559960726778453E-003
   50.000000000000014        2.9460959594606027E-003
   55.000000000000007        2.9354279482617547E-003
   60.000000000000007        2.9233661143203880E-003
   65.000000000000014        2.9095151454582519E-003
   70.000000000000000        2.8933101780464028E-003
   75.000000000000014        2.8739416957844844E-003
   80.000000000000014        2.8506849209316977E-003
   85.000000000000014        2.8226301607152697E-003
   90.000000000000014        2.7889910738894924E-003
   95.000000000000014        2.7491108813533435E-003
   100.00000000000003        2.7021830383671757E-003
   105.00000000000001        2.6477235929731353E-003
   110.00000000000001        2.5854873790546250E-003
   115.00000000000003        2.5153347703225294E-003
   120.00000000000001        2.4372822474452850E-003
   125.00000000000001        2.3515259952820258E-003
   130.00000000000003        2.2586971577480889E-003
   135.00000000000003        2.1593051553026369E-003
   140.00000000000000        2.0541111186133071E-003
   145.00000000000003        1.9442075850293361E-003
   150.00000000000003        1.8306328562176467E-003
   155.00000000000003        1.7144580849186664E-003
   160.00000000000003        1.5968212764612749E-003
   165.00000000000003        1.4790164247468903E-003
   170.00000000000003        1.3621068474786076E-003
   175.00000000000003        1.2472462976835651E-003
   180.00000000000003        1.1354657477828879E-003
   185.00000000000003        1.0275866491069462E-003
   190.00000000000003        9.2452309406006682E-004
   195.00000000000003        8.2691505199140858E-004
   200.00000000000006        7.3521634756595130E-004
   205.00000000000003        6.4987083142839649E-004
   210.00000000000003        5.7118740530055800E-004
   215.00000000000006        4.9936034840965271E-004
   220.00000000000003        4.3428024012680049E-004
   225.00000000000003        3.7587621394922469E-004
   230.00000000000006        3.2391107860034273E-004
   235.00000000000003        2.7819434146061895E-004
   240.00000000000003        2.3828850424233500E-004
   245.00000000000006        2.0386895835126530E-004
   250.00000000000003        1.7443455743814580E-004
   255.00000000000003        1.4959196391651559E-004
   260.00000000000006        1.2877886406835619E-004
   265.00000000000000        1.1152786944199357E-004
   270.00000000000006        9.7462113429860675E-005
   275.00000000000006        8.6043273513679576E-005
   280.00000000000000        7.6856983994811573E-005
   285.00000000000006        6.9596281620204156E-005
   290.00000000000006        6.3823129454208396E-005
   295.00000000000006        5.9223032156630283E-005
   300.00000000000006        5.5574068821740103E-005
   305.00000000000006        5.2638066029494257E-005
   310.00000000000006        5.0133583479299283E-005
   315.00000000000006        4.7978490131260929E-005
   320.00000000000006        4.5988045238007324E-005
   325.00000000000006        4.4114622313564204E-005
   330.00000000000006        4.2286148516069568E-005
   335.00000000000006        4.0373480924242373E-005
   340.00000000000006        3.8427187996032360E-005
   345.00000000000006        3.6381115031477382E-005
   350.00000000000006        3.4288363294813931E-005
   355.00000000000006        3.2104914840321034E-005
   360.00000000000006        2.9904365425066719E-005
   365.00000000000006        2.7654863898502187E-005
   370.00000000000006        2.5434179878698078E-005
   375.00000000000006        2.3214308571569316E-005
   380.00000000000006        2.1020697822376867E-005
   385.00000000000006        1.8956798640803229E-005
   390.00000000000006        1.6961738501923933E-005
   395.00000000000011        1.5106871449961618E-005
   400.00000000000011        1.3325622412312850E-005
   405.00000000000006        1.1707047989919127E-005
   410.00000000000006        1.0256614310626238E-005
   415.00000000000006        8.8966124184280079E-006
   420.00000000000006        7.7062421422708021E-006
   425.00000000000011        6.6280703447297021E-006
   430.00000000000011        5.7364199828418259E-006
   435.00000000000000        4.9161011470286495E-006
   440.00000000000006        4.2110834950298479E-006
   445.00000000000006        3.6107902426951995E-006
   450.00000000000006        3.1042116709615277E-006
   455.00000000000006        2.6798087265349443E-006
   460.00000000000011        2.3264460459916964E-006
   465.00000000000000        1.9796487397547525E-006
   470.00000000000006        1.7369963335589159E-006
   475.00000000000006        1.5085036494475365E-006
   480.00000000000006        1.2591565847157147E-006
   485.00000000000006        1.0625738324293739E-006
   490.00000000000011        8.3220653149853683E-007
   495.00000000000011        5.9064310789706898E-007
   500.00000000000006        1.8518933546992411E-031
