  -500.00000000000006        3.8720687999951296E-032
  -495.00000000000011        4.4645791953269617E-007
  -490.00000000000011        6.5154671235214110E-007
  -485.00000000000006        8.7160536207180385E-007
  -480.00000000000006        1.0964653147821260E-006
  -475.00000000000006        1.3967373941481814E-006
  -470.00000000000006        1.7243292794175040E-006
  -465.00000000000000        2.1110859601745725E-006
  -460.00000000000011        2.6288640389354167E-006
  -455.00000000000006        3.2095860724417307E-006
  -450.00000000000006        3.9038711639416437E-006
  -445.00000000000006        4.7210518525527778E-006
  -440.00000000000006        5.6691005331602796E-006
  -435.00000000000000        6.7528931229510346E-006
  -430.00000000000011        7.9745539002258248E-006
  -425.00000000000011        9.2935150628675149E-006
  -420.00000000000006        1.0783196016054833E-005
  -415.00000000000006        1.2374420685356571E-005
  -410.00000000000006        1.4092836155995583E-005
  -405.00000000000006        1.5860614623767704E-005
  -400.00000000000011        1.7713578819610688E-005
  -395.00000000000011        1.9625220850088742E-005
  -390.00000000000006        2.1506968139057682E-005
  -385.00000000000006        2.3385114613337115E-005
  -380.00000000000006        2.5185316241145074E-005
  -375.00000000000006        2.6935581916769656E-005
  -370.00000000000006        2.8547158214417129E-005
  -365.00000000000006        2.9995531257176251E-005
  -360.00000000000006        3.1304846693899844E-005
  -355.00000000000006        3.2430557932655994E-005
  -350.00000000000006        3.3421688158049429E-005
  -345.00000000000006        3.4266136299562240E-005
  -340.00000000000006        3.5054667467240163E-005
  -335.00000000000006        3.5821784660509204E-005
  -330.00000000000006        3.6708853009173280E-005
  -325.00000000000006        3.7791256572467588E-005
  -320.00000000000006        3.9293608385934456E-005
  -315.00000000000006        4.1415009320405656E-005
  -310.00000000000006        4.4354881887561494E-005
  -305.00000000000006        4.8422525354032980E-005
  -300.00000000000006        5.3857103671086624E-005
  -295.00000000000006        6.1053203823129462E-005
  -290.00000000000006        7.0358805249097931E-005
  -285.00000000000006        8.2101026216608737E-005
  -280.00000000000000        9.6651360033018948E-005
  -275.00000000000006        1.1444940250411339E-004
  -270.00000000000006        1.3576801499341117E-004
  -265.00000000000000        1.6090960487130201E-004
  -260.00000000000006        1.9021863548321165E-004
  -255.00000000000003        2.2381708243460375E-004
  -250.00000000000003        2.6180185879415247E-004
  -245.00000000000006        3.0425406904307221E-004
  -240.00000000000003        3.5103332638791973E-004
  -235.00000000000003        4.0191177246305833E-004
  -230.00000000000006        4.5643621015350653E-004
  -225.00000000000003        5.1414086328092261E-004
  -220.00000000000003        5.7427064612722127E-004
  -215.00000000000006        6.3600353743410720E-004
  -210.00000000000003        6.9832352867185785E-004
  -205.00000000000003        7.6019987246921344E-004
  -200.00000000000006        8.2030068090712110E-004
  -195.00000000000003        8.7735662506765078E-004
  -190.00000000000003        9.3004736089311122E-004
  -185.00000000000003        9.7713266487782892E-004
  -180.00000000000003        1.0174510448692857E-003
  -175.00000000000003        1.0498621166644207E-003
  -170.00000000000003        1.0736253403219884E-003
  -165.00000000000003        1.0880560835615503E-003
  -160.00000000000003        1.0931372116747709E-003
  -155.00000000000003        1.0892549598414147E-003
  -150.00000000000003        1.0770897957413849E-003
  -145.00000000000003        1.0579519355854790E-003
  -140.00000000000000        1.0337797988295816E-003
  -135.00000000000003        1.0071080078409111E-003
  -130.00000000000003        9.8093736907767367E-004
  -125.00000000000001        9.5891915427431709E-004
  -120.00000000000001        9.4514647457604145E-004
  -115.00000000000003        9.4405456162997175E-004
  -110.00000000000001        9.6013455131270661E-004
  -105.00000000000001        9.9800186916929588E-004
  -100.00000000000003        1.0619997666640676E-003
  -95.000000000000014        1.1563709057541792E-003
  -90.000000000000014        1.2850300759126218E-003
  -85.000000000000014        1.4499033268452713E-003
  -80.000000000000014        1.6525188239752478E-003
  -75.000000000000014        1.8930913024415147E-003
  -70.000000000000000        2.1705889149924483E-003
  -65.000000000000014        2.4820232367288469E-003
  -60.000000000000007        2.8232124400369568E-003
  -55.000000000000007        3.1884568395518860E-003
  -50.000000000000014        3.5700980554449965E-003
  -45.000000000000007        3.9597559839613531E-003
  -40.000000000000007        4.3474593658716313E-003
  -35.000000000000000        4.7223167938245996E-003
  -30.000000000000004        5.0744111185449820E-003
  -25.000000000000007        5.3948653374584288E-003
  -20.000000000000004        5.6727761928835451E-003
  -15.000000000000002        5.8967720703450507E-003
  -10.000000000000002        6.0608959309626188E-003
  -5.0000000000000009        6.1625964575195702E-003
   0.0000000000000000        6.1987693756610611E-003
   5.0000000000000009        6.1625964575195702E-003
   10.000000000000002        6.0608959309626188E-003
   15.000000000000002        5.8967720703450507E-003
   20.000000000000004        5.6727761928835451E-003
   25.000000000000007        5.3948653374584288E-003
   30.000000000000004        5.0744111185449820E-003
   35.000000000000000        4.7223167938245996E-003
   40.000000000000007        4.3474593658716313E-003
   45.000000000000007        3.9597559839613531E-003
   50.000000000000014        3.5700980554449965E-003
   55.000000000000007        3.1884568395518860E-003
   60.000000000000007        2.8232124400369568E-003
   65.000000000000014        2.4820232367288469E-003
   70.000000000000000        2.1705889149924483E-003
   75.000000000000014        1.8930913024415147E-003
   80.000000000000014        1.6525188239752478E-003
   85.000000000000014        1.4499033268452713E-003
   90.000000000000014        1.2850300759126218E-003
   95.000000000000014        1.1563709057541792E-003
   100.00000000000003        1.0619997666640676E-003
   105.00000000000001        9.9800186916929588E-004
   110.00000000000001        9.6013455131270661E-004
   115.00000000000003        9.4405456162997175E-004
   120.00000000000001        9.4514647457604145E-004
   125.00000000000001        9.5891915427431709E-004
   130.00000000000003        9.8093736907767367E-004
   135.00000000000003        1.0071080078409111E-003
   140.00000000000000        1.0337797988295816E-003
   145.00000000000003        1.0579519355854790E-003
   150.00000000000003        1.0770897957413849E-003
   155.00000000000003        1.0892549598414147E-003
   160.00000000000003        1.0931372116747709E-003
   165.00000000000003        1.0880560835615503E-003
   170.00000000000003        1.0736253403219884E-003
   175.00000000000003        1.0498621166644207E-003
   180.00000000000003        1.0174510448692857E-003
   185.00000000000003        9.7713266487782892E-004
   190.00000000000003        9.3004736089311122E-004
   195.00000000000003        8.7735662506765078E-004
   200.00000000000006        8.2030068090712110E-004
   205.00000000000003        7.6019987246921344E-004
   210.00000000000003        6.9832352867185785E-004
   215.00000000000006        6.3600353743410720E-004
   220.00000000000003        5.7427064612722127E-004
   225.00000000000003        5.1414086328092261E-004
   230.00000000000006        4.5643621015350653E-004
   235.00000000000003        4.0191177246305833E-004
   240.00000000000003        3.5103332638791973E-004
   245.00000000000006        3.0425406904307221E-004
   250.00000000000003        2.6180185879415247E-004
   255.00000000000003        2.2381708243460375E-004
   260.00000000000006        1.9021863548321165E-004
   265.00000000000000        1.6090960487130201E-004
   270.00000000000006        1.3576801499341117E-004
   275.00000000000006        1.1444940250411339E-004
   280.00000000000000        9.6651360033018948E-005
   285.00000000000006        8.2101026216608737E-005
   290.00000000000006        7.0358805249097931E-005
   295.00000000000006        6.1053203823129462E-005
   300.00000000000006        5.3857103671086624E-005
   305.00000000000006        4.8422525354032980E-005
   310.00000000000006        4.4354881887561494E-005
   315.00000000000006        4.1415009320405656E-005
   320.00000000000006        3.9293608385934456E-005
   325.00000000000006        3.7791256572467588E-005
   330.00000000000006        3.6708853009173280E-005
   335.00000000000006        3.5821784660509204E-005
   340.00000000000006        3.5054667467240163E-005
   345.00000000000006        3.4266136299562240E-005
   350.00000000000006        3.3421688158049429E-005
   355.00000000000006        3.2430557932655994E-005
   360.00000000000006        3.1304846693899844E-005
   365.00000000000006        2.9995531257176251E-005
   370.00000000000006        2.8547158214417129E-005
   375.00000000000006        2.6935581916769656E-005
   380.00000000000006        2.5185316241145074E-005
   385.00000000000006        2.3385114613337115E-005
   390.00000000000006        2.1506968139057682E-005
   395.00000000000011        1.9625220850088742E-005
   400.00000000000011        1.7713578819610688E-005
   405.00000000000006        1.5860614623767704E-005
   410.00000000000006        1.4092836155995583E-005
   415.00000000000006        1.2374420685356571E-005
   420.00000000000006        1.0783196016054833E-005
   425.00000000000011        9.2935150628675149E-006
   430.00000000000011        7.9745539002258248E-006
   435.00000000000000        6.7528931229510346E-006
   440.00000000000006        5.6691005331602796E-006
   445.00000000000006        4.7210518525527778E-006
   450.00000000000006        3.9038711639416437E-006
   455.00000000000006        3.2095860724417307E-006
   460.00000000000011        2.6288640389354167E-006
   465.00000000000000        2.1110859601745725E-006
   470.00000000000006        1.7243292794175040E-006
   475.00000000000006        1.3967373941481814E-006
   480.00000000000006        1.0964653147821260E-006
   485.00000000000006        8.7160536207180385E-007
   490.00000000000011        6.5154671235214110E-007
   495.00000000000011        4.4645791953269617E-007
   500.00000000000006        3.8720687999951296E-032
