  -500.00000000000006        1.4164599467275405E-031
  -495.00000000000011        7.9253603492306399E-007
  -490.00000000000011        1.1490375761441640E-006
  -485.00000000000006        1.4897831876935741E-006
  -480.00000000000006        1.7726032670376831E-006
  -475.00000000000006        2.0965891624934567E-006
  -470.00000000000006        2.3527087936844814E-006
  -465.00000000000000        2.5712520122637989E-006
  -460.00000000000011        2.8534623365896582E-006
  -455.00000000000006        3.0574074700169829E-006
  -450.00000000000006        3.2505502999994659E-006
  -445.00000000000006        3.4323561777691115E-006
  -440.00000000000006        3.6035651761583198E-006
  -435.00000000000000        3.7666894896814810E-006
  -430.00000000000011        3.9261645541006171E-006
  -425.00000000000011        4.0200134144039299E-006
  -420.00000000000006        4.1960985064297233E-006
  -415.00000000000006        4.3619964311722621E-006
  -410.00000000000006        4.6021073682965090E-006
  -405.00000000000006        4.8301605756033532E-006
  -400.00000000000011        5.1707298164417464E-006
  -395.00000000000011        5.6468848137441218E-006
  -390.00000000000006        6.1793868169033108E-006
  -385.00000000000006        6.8997935235402680E-006
  -380.00000000000006        7.7665227759008460E-006
  -375.00000000000006        8.9148845544486188E-006
  -370.00000000000006        1.0266442642977722E-005
  -365.00000000000006        1.1849302580683057E-005
  -360.00000000000006        1.3756143178206579E-005
  -355.00000000000006        1.5939574341657358E-005
  -350.00000000000006        1.8485088277401536E-005
  -345.00000000000006        2.1330385161696154E-005
  -340.00000000000006        2.4543984649722091E-005
  -335.00000000000006        2.8049448173370389E-005
  -330.00000000000006        3.1897967209692393E-005
  -325.00000000000006        3.5955517642834430E-005
  -320.00000000000006        4.0287449339185423E-005
  -315.00000000000006        4.4848167022984725E-005
  -310.00000000000006        4.9502484589513239E-005
  -305.00000000000006        5.4249744578820815E-005
  -300.00000000000006        5.8912476412836760E-005
  -295.00000000000006        6.3518170183444076E-005
  -290.00000000000006        6.7989329887176592E-005
  -285.00000000000006        7.2184842090993519E-005
  -280.00000000000000        7.6046362144154843E-005
  -275.00000000000006        7.9636539244063486E-005
  -270.00000000000006        8.2835448266802328E-005
  -265.00000000000000        8.5665649993648126E-005
  -260.00000000000006        8.8291692717258919E-005
  -255.00000000000003        9.0723657702173206E-005
  -250.00000000000003        9.3142027688050593E-005
  -245.00000000000006        9.5891461153143538E-005
  -240.00000000000003        9.9147273997621525E-005
  -235.00000000000003        1.0342940092443887E-004
  -230.00000000000006        1.0916126001240853E-004
  -225.00000000000003        1.1702722490818478E-004
  -220.00000000000003        1.2755759705996553E-004
  -215.00000000000006        1.4160594598980876E-004
  -210.00000000000003        1.5994053070215737E-004
  -205.00000000000003        1.8357384137005623E-004
  -200.00000000000006        2.1336856027631066E-004
  -195.00000000000003        2.5035490606969014E-004
  -190.00000000000003        2.9543116542771745E-004
  -185.00000000000003        3.4961199438680624E-004
  -180.00000000000003        4.1385703360052910E-004
  -175.00000000000003        4.8884738018263997E-004
  -170.00000000000003        5.7536215258196068E-004
  -165.00000000000003        6.7398814254775391E-004
  -160.00000000000003        7.8490118604893121E-004
  -155.00000000000003        9.0819630537882304E-004
  -150.00000000000003        1.0435437523729925E-003
  -145.00000000000003        1.1905524214724024E-003
  -140.00000000000000        1.3483893203382476E-003
  -135.00000000000003        1.5158825360728359E-003
  -130.00000000000003        1.6915384024911685E-003
  -125.00000000000001        1.8736389961740338E-003
  -120.00000000000001        2.0600740110928335E-003
  -115.00000000000003        2.2483646272608883E-003
  -110.00000000000001        2.4362295233884166E-003
  -105.00000000000001        2.6210153241428866E-003
  -100.00000000000003        2.8001404936117786E-003
  -95.000000000000014        2.9711363562894420E-003
  -90.000000000000014        3.1312825654221687E-003
  -85.000000000000014        3.2786151654905578E-003
  -80.000000000000014        3.4113691487416167E-003
  -75.000000000000014        3.5281331211212460E-003
  -70.000000000000000        3.6279343472055414E-003
  -65.000000000000014        3.7103095752308028E-003
  -60.000000000000007        3.7754386741133865E-003
  -55.000000000000007        3.8238742731397084E-003
  -50.000000000000014        3.8568827347784779E-003
  -45.000000000000007        3.8760485805625806E-003
  -40.000000000000007        3.8837150803598180E-003
  -35.000000000000000        3.8825228223654312E-003
  -30.000000000000004        3.8746847116360571E-003
  -25.000000000000007        3.8620145775215557E-003
  -20.000000000000004        3.8472718651701193E-003
  -15.000000000000002        3.8336543037678383E-003
  -10.000000000000002        3.8230200627854920E-003
  -5.0000000000000009        3.8160460957067984E-003
   0.0000000000000000        3.8132815851128314E-003
   5.0000000000000009        3.8160460957067984E-003
   10.000000000000002        3.8230200627854920E-003
   15.000000000000002        3.8336543037678383E-003
   20.000000000000004        3.8472718651701193E-003
   25.000000000000007        3.8620145775215557E-003
   30.000000000000004        3.8746847116360571E-003
   35.000000000000000        3.8825228223654312E-003
   40.000000000000007        3.8837150803598180E-003
   45.000000000000007        3.8760485805625806E-003
   50.000000000000014        3.8568827347784779E-003
   55.000000000000007        3.8238742731397084E-003
   60.000000000000007        3.7754386741133865E-003
   65.000000000000014        3.7103095752308028E-003
   70.000000000000000        3.6279343472055414E-003
   75.000000000000014        3.5281331211212460E-003
   80.000000000000014        3.4113691487416167E-003
   85.000000000000014        3.2786151654905578E-003
   90.000000000000014        3.1312825654221687E-003
   95.000000000000014        2.9711363562894420E-003
   100.00000000000003        2.8001404936117786E-003
   105.00000000000001        2.6210153241428866E-003
   110.00000000000001        2.4362295233884166E-003
   115.00000000000003        2.2483646272608883E-003
   120.00000000000001        2.0600740110928335E-003
   125.00000000000001        1.8736389961740338E-003
   130.00000000000003        1.6915384024911685E-003
   135.00000000000003        1.5158825360728359E-003
   140.00000000000000        1.3483893203382476E-003
   145.00000000000003        1.1905524214724024E-003
   150.00000000000003        1.0435437523729925E-003
   155.00000000000003        9.0819630537882304E-004
   160.00000000000003        7.8490118604893121E-004
   165.00000000000003        6.7398814254775391E-004
   170.00000000000003        5.7536215258196068E-004
   175.00000000000003        4.8884738018263997E-004
   180.00000000000003        4.1385703360052910E-004
   185.00000000000003        3.4961199438680624E-004
   190.00000000000003        2.9543116542771745E-004
   195.00000000000003        2.5035490606969014E-004
   200.00000000000006        2.1336856027631066E-004
   205.00000000000003        1.8357384137005623E-004
   210.00000000000003        1.5994053070215737E-004
   215.00000000000006        1.4160594598980876E-004
   220.00000000000003        1.2755759705996553E-004
   225.00000000000003        1.1702722490818478E-004
   230.00000000000006        1.0916126001240853E-004
   235.00000000000003        1.0342940092443887E-004
   240.00000000000003        9.9147273997621525E-005
   245.00000000000006        9.5891461153143538E-005
   250.00000000000003        9.3142027688050593E-005
   255.00000000000003        9.0723657702173206E-005
   260.00000000000006        8.8291692717258919E-005
   265.00000000000000        8.5665649993648126E-005
   270.00000000000006        8.2835448266802328E-005
   275.00000000000006        7.9636539244063486E-005
   280.00000000000000        7.6046362144154843E-005
   285.00000000000006        7.2184842090993519E-005
   290.00000000000006        6.7989329887176592E-005
   295.00000000000006        6.3518170183444076E-005
   300.00000000000006        5.8912476412836760E-005
   305.00000000000006        5.4249744578820815E-005
   310.00000000000006        4.9502484589513239E-005
   315.00000000000006        4.4848167022984725E-005
   320.00000000000006        4.0287449339185423E-005
   325.00000000000006        3.5955517642834430E-005
   330.00000000000006        3.1897967209692393E-005
   335.00000000000006        2.8049448173370389E-005
   340.00000000000006        2.4543984649722091E-005
   345.00000000000006        2.1330385161696154E-005
   350.00000000000006        1.8485088277401536E-005
   355.00000000000006        1.5939574341657358E-005
   360.00000000000006        1.3756143178206579E-005
   365.00000000000006        1.1849302580683057E-005
   370.00000000000006        1.0266442642977722E-005
   375.00000000000006        8.9148845544486188E-006
   380.00000000000006        7.7665227759008460E-006
   385.00000000000006        6.8997935235402680E-006
   390.00000000000006        6.1793868169033108E-006
   395.00000000000011        5.6468848137441218E-006
   400.00000000000011        5.1707298164417464E-006
   405.00000000000006        4.8301605756033532E-006
   410.00000000000006        4.6021073682965090E-006
   415.00000000000006        4.3619964311722621E-006
   420.00000000000006        4.1960985064297233E-006
   425.00000000000011        4.0200134144039299E-006
   430.00000000000011        3.9261645541006171E-006
   435.00000000000000        3.7666894896814810E-006
   440.00000000000006        3.6035651761583198E-006
   445.00000000000006        3.4323561777691115E-006
   450.00000000000006        3.2505502999994659E-006
   455.00000000000006        3.0574074700169829E-006
   460.00000000000011        2.8534623365896582E-006
   465.00000000000000        2.5712520122637989E-006
   470.00000000000006        2.3527087936844814E-006
   475.00000000000006        2.0965891624934567E-006
   480.00000000000006        1.7726032670376831E-006
   485.00000000000006        1.4897831876935741E-006
   490.00000000000011        1.1490375761441640E-006
   495.00000000000011        7.9253603492306399E-007
   500.00000000000006        1.4164599467275405E-031
