  -500.00000000000006        1.9223246601636210E-031
  -495.00000000000011        6.0791584629151213E-007
  -490.00000000000011        8.6232581702556688E-007
  -485.00000000000006        1.1093157007940666E-006
  -480.00000000000006        1.3262267899063680E-006
  -475.00000000000006        1.6021573571847712E-006
  -470.00000000000006        1.8621759972232080E-006
  -465.00000000000000        2.1424386222226805E-006
  -460.00000000000011        2.5352743317051590E-006
  -455.00000000000006        2.9407876745112050E-006
  -450.00000000000006        3.4247740489885413E-006
  -445.00000000000006        3.9981758060828837E-006
  -440.00000000000006        4.6721099401646469E-006
  -435.00000000000000        5.4568113656235683E-006
  -430.00000000000011        6.3617750387091903E-006
  -425.00000000000011        7.3404533568400043E-006
  -420.00000000000006        8.5087506749711489E-006
  -415.00000000000006        9.7883704569017476E-006
  -410.00000000000006        1.1235705425494353E-005
  -405.00000000000006        1.2767111978290018E-005
  -400.00000000000011        1.4459454468875403E-005
  -395.00000000000011        1.6304525980888715E-005
  -390.00000000000006        1.8208688352809715E-005
  -385.00000000000006        2.0237899942548030E-005
  -380.00000000000006        2.2317270412467703E-005
  -375.00000000000006        2.4508183924217514E-005
  -370.00000000000006        2.6704384862077690E-005
  -365.00000000000006        2.8880690063288911E-005
  -360.00000000000006        3.1067786944618125E-005
  -355.00000000000006        3.3189376526841509E-005
  -350.00000000000006        3.5282919457283963E-005
  -345.00000000000006        3.7280124703236339E-005
  -340.00000000000006        3.9234728264183405E-005
  -335.00000000000006        4.1102730289716728E-005
  -330.00000000000006        4.2964124694700187E-005
  -325.00000000000006        4.4781483733322784E-005
  -320.00000000000006        4.6702688794202909E-005
  -315.00000000000006        4.8818682410898174E-005
  -310.00000000000006        5.1196534992596498E-005
  -305.00000000000006        5.4043929646642040E-005
  -300.00000000000006        5.7463409218679215E-005
  -295.00000000000006        6.1761618637952748E-005
  -290.00000000000006        6.7198164826023303E-005
  -285.00000000000006        7.4014380395265037E-005
  -280.00000000000000        8.2542963450276397E-005
  -275.00000000000006        9.3240149253266994E-005
  -270.00000000000006        1.0641937022819497E-004
  -265.00000000000000        1.2249901916592832E-004
  -260.00000000000006        1.4201947533782919E-004
  -255.00000000000003        1.6534535236339688E-004
  -250.00000000000003        1.9292555929723552E-004
  -245.00000000000006        2.2529886628729344E-004
  -240.00000000000003        2.6282302296481844E-004
  -235.00000000000003        3.0595181824831703E-004
  -230.00000000000006        3.5495239102923749E-004
  -225.00000000000003        4.1020138177266091E-004
  -220.00000000000003        4.7181588464325502E-004
  -215.00000000000006        5.3995530922113476E-004
  -210.00000000000003        6.1460596926095237E-004
  -205.00000000000003        6.9579382652306743E-004
  -200.00000000000006        7.8323064033832099E-004
  -195.00000000000003        8.7652772201663636E-004
  -190.00000000000003        9.7516369861808897E-004
  -185.00000000000003        1.0786150566966168E-003
  -180.00000000000003        1.1861855326622049E-003
  -175.00000000000003        1.2969141125394757E-003
  -170.00000000000003        1.4099563312236938E-003
  -165.00000000000003        1.5242631510843619E-003
  -160.00000000000003        1.6387084854953635E-003
  -155.00000000000003        1.7522702793297479E-003
  -150.00000000000003        1.8637099988385170E-003
  -145.00000000000003        1.9719668494510090E-003
  -140.00000000000000        2.0760676583578925E-003
  -135.00000000000003        2.1750930493910996E-003
  -130.00000000000003        2.2680746093638494E-003
  -125.00000000000001        2.3543836776218070E-003
  -120.00000000000001        2.4336498709565356E-003
  -115.00000000000003        2.5053756300252015E-003
  -110.00000000000001        2.5694786373624558E-003
  -105.00000000000001        2.6260509350563696E-003
  -100.00000000000003        2.6753175609428191E-003
  -95.000000000000014        2.7175903859523493E-003
  -90.000000000000014        2.7534009260107278E-003
  -85.000000000000014        2.7835544354177402E-003
  -80.000000000000014        2.8086949699904070E-003
  -75.000000000000014        2.8295733945044341E-003
  -70.000000000000000        2.8470542374320813E-003
  -65.000000000000014        2.8617944378270970E-003
  -60.000000000000007        2.8745202574620350E-003
  -55.000000000000007        2.8857094160315670E-003
  -50.000000000000014        2.8957125966133481E-003
  -45.000000000000007        2.9051106959480234E-003
  -40.000000000000007        2.9142435267043867E-003
  -35.000000000000000        2.9227979215215413E-003
  -30.000000000000004        2.9304455640767721E-003
  -25.000000000000007        2.9373606416287054E-003
  -20.000000000000004        2.9436298343855248E-003
  -15.000000000000002        2.9489232018488553E-003
  -10.000000000000002        2.9528516565733966E-003
  -5.0000000000000009        2.9552472276743844E-003
   0.0000000000000000        2.9560696180710023E-003
   5.0000000000000009        2.9552472276743844E-003
   10.000000000000002        2.9528516565733966E-003
   15.000000000000002        2.9489232018488553E-003
   20.000000000000004        2.9436298343855248E-003
   25.000000000000007        2.9373606416287054E-003
   30.000000000000004        2.9304455640767721E-003
   35.000000000000000        2.9227979215215413E-003
   40.000000000000007        2.9142435267043867E-003
   45.000000000000007        2.9051106959480234E-003
   50.000000000000014        2.8957125966133481E-003
   55.000000000000007        2.8857094160315670E-003
   60.000000000000007        2.8745202574620350E-003
   65.000000000000014        2.8617944378270970E-003
   70.000000000000000        2.8470542374320813E-003
   75.000000000000014        2.8295733945044341E-003
   80.000000000000014        2.8086949699904070E-003
   85.000000000000014        2.7835544354177402E-003
   90.000000000000014        2.7534009260107278E-003
   95.000000000000014        2.7175903859523493E-003
   100.00000000000003        2.6753175609428191E-003
   105.00000000000001        2.6260509350563696E-003
   110.00000000000001        2.5694786373624558E-003
   115.00000000000003        2.5053756300252015E-003
   120.00000000000001        2.4336498709565356E-003
   125.00000000000001        2.3543836776218070E-003
   130.00000000000003        2.2680746093638494E-003
   135.00000000000003        2.1750930493910996E-003
   140.00000000000000        2.0760676583578925E-003
   145.00000000000003        1.9719668494510090E-003
   150.00000000000003        1.8637099988385170E-003
   155.00000000000003        1.7522702793297479E-003
   160.00000000000003        1.6387084854953635E-003
   165.00000000000003        1.5242631510843619E-003
   170.00000000000003        1.4099563312236938E-003
   175.00000000000003        1.2969141125394757E-003
   180.00000000000003        1.1861855326622049E-003
   185.00000000000003        1.0786150566966168E-003
   190.00000000000003        9.7516369861808897E-004
   195.00000000000003        8.7652772201663636E-004
   200.00000000000006        7.8323064033832099E-004
   205.00000000000003        6.9579382652306743E-004
   210.00000000000003        6.1460596926095237E-004
   215.00000000000006        5.3995530922113476E-004
   220.00000000000003        4.7181588464325502E-004
   225.00000000000003        4.1020138177266091E-004
   230.00000000000006        3.5495239102923749E-004
   235.00000000000003        3.0595181824831703E-004
   240.00000000000003        2.6282302296481844E-004
   245.00000000000006        2.2529886628729344E-004
   250.00000000000003        1.9292555929723552E-004
   255.00000000000003        1.6534535236339688E-004
   260.00000000000006        1.4201947533782919E-004
   265.00000000000000        1.2249901916592832E-004
   270.00000000000006        1.0641937022819497E-004
   275.00000000000006        9.3240149253266994E-005
   280.00000000000000        8.2542963450276397E-005
   285.00000000000006        7.4014380395265037E-005
   290.00000000000006        6.7198164826023303E-005
   295.00000000000006        6.1761618637952748E-005
   300.00000000000006        5.7463409218679215E-005
   305.00000000000006        5.4043929646642040E-005
   310.00000000000006        5.1196534992596498E-005
   315.00000000000006        4.8818682410898174E-005
   320.00000000000006        4.6702688794202909E-005
   325.00000000000006        4.4781483733322784E-005
   330.00000000000006        4.2964124694700187E-005
   335.00000000000006        4.1102730289716728E-005
   340.00000000000006        3.9234728264183405E-005
   345.00000000000006        3.7280124703236339E-005
   350.00000000000006        3.5282919457283963E-005
   355.00000000000006        3.3189376526841509E-005
   360.00000000000006        3.1067786944618125E-005
   365.00000000000006        2.8880690063288911E-005
   370.00000000000006        2.6704384862077690E-005
   375.00000000000006        2.4508183924217514E-005
   380.00000000000006        2.2317270412467703E-005
   385.00000000000006        2.0237899942548030E-005
   390.00000000000006        1.8208688352809715E-005
   395.00000000000011        1.6304525980888715E-005
   400.00000000000011        1.4459454468875403E-005
   405.00000000000006        1.2767111978290018E-005
   410.00000000000006        1.1235705425494353E-005
   415.00000000000006        9.7883704569017476E-006
   420.00000000000006        8.5087506749711489E-006
   425.00000000000011        7.3404533568400043E-006
   430.00000000000011        6.3617750387091903E-006
   435.00000000000000        5.4568113656235683E-006
   440.00000000000006        4.6721099401646469E-006
   445.00000000000006        3.9981758060828837E-006
   450.00000000000006        3.4247740489885413E-006
   455.00000000000006        2.9407876745112050E-006
   460.00000000000011        2.5352743317051590E-006
   465.00000000000000        2.1424386222226805E-006
   470.00000000000006        1.8621759972232080E-006
   475.00000000000006        1.6021573571847712E-006
   480.00000000000006        1.3262267899063680E-006
   485.00000000000006        1.1093157007940666E-006
   490.00000000000011        8.6232581702556688E-007
   495.00000000000011        6.0791584629151213E-007
   500.00000000000006        1.9223246601636210E-031
