  -500.00000000000006        1.3243572779821561E-031
  -495.00000000000011        7.7777995460845491E-007
  -490.00000000000011        1.1364344492074267E-006
  -485.00000000000006        1.4841080223502312E-006
  -480.00000000000006        1.7792045622096598E-006
  -475.00000000000006        2.1177556478743671E-006
  -470.00000000000006        2.3929744309566975E-006
  -465.00000000000000        2.6335465514163623E-006
  -460.00000000000011        2.9371600073587133E-006
  -455.00000000000006        3.1644295884441442E-006
  -450.00000000000006        3.3796865413660451E-006
  -445.00000000000006        3.5808900213184581E-006
  -440.00000000000006        3.7670876875940198E-006
  -435.00000000000000        3.9389289706033157E-006
  -430.00000000000011        4.0988697582910715E-006
  -425.00000000000011        4.1848606113621954E-006
  -420.00000000000006        4.3390621380908911E-006
  -415.00000000000006        4.4698729592095136E-006
  -410.00000000000006        4.6582576015404339E-006
  -405.00000000000006        4.8193428370364673E-006
  -400.00000000000011        5.0741271550222708E-006
  -395.00000000000011        5.4453727649146807E-006
  -390.00000000000006        5.8568558922137059E-006
  -385.00000000000006        6.4386773236792314E-006
  -380.00000000000006        7.1531132822322554E-006
  -375.00000000000006        8.1361172346765154E-006
  -370.00000000000006        9.3159119846212270E-006
  -365.00000000000006        1.0726113908133192E-005
  -360.00000000000006        1.2463931978008479E-005
  -355.00000000000006        1.4491164929443232E-005
  -350.00000000000006        1.6899700914174861E-005
  -345.00000000000006        1.9638525513591502E-005
  -340.00000000000006        2.2783787705126436E-005
  -335.00000000000006        2.6270447908721700E-005
  -330.00000000000006        3.0157281955669380E-005
  -325.00000000000006        3.4321708256531357E-005
  -320.00000000000006        3.8833830549555846E-005
  -315.00000000000006        4.3654041069188434E-005
  -310.00000000000006        4.8651612405413631E-005
  -305.00000000000006        5.3823573287422603E-005
  -300.00000000000006        5.8991165074138127E-005
  -295.00000000000006        6.4171174844184357E-005
  -290.00000000000006        6.9271673060487899E-005
  -285.00000000000006        7.4134207522417062E-005
  -280.00000000000000        7.8675329300117327E-005
  -275.00000000000006        8.2924291623952032E-005
  -270.00000000000006        8.6724340358469604E-005
  -265.00000000000000        9.0054560090347638E-005
  -260.00000000000006        9.3027963426848948E-005
  -255.00000000000003        9.5603699517792323E-005
  -250.00000000000003        9.7905933336192179E-005
  -245.00000000000006        1.0021808737624464E-004
  -240.00000000000003        1.0265863248344693E-004
  -235.00000000000003        1.0568862266693830E-004
  -230.00000000000006        1.0968413869977151E-004
  -225.00000000000003        1.1528365336662263E-004
  -220.00000000000003        1.2298752201146324E-004
  -215.00000000000006        1.3363106110932072E-004
  -210.00000000000003        1.4798016247225307E-004
  -205.00000000000003        1.6705928763024983E-004
  -200.00000000000006        1.9176968296318655E-004
  -195.00000000000003        2.2321441874498141E-004
  -190.00000000000003        2.6238160810504669E-004
  -185.00000000000003        3.1039397404270479E-004
  -180.00000000000003        3.6834953979102922E-004
  -175.00000000000003        4.3709552263961803E-004
  -170.00000000000003        5.1758802837432256E-004
  -165.00000000000003        6.1061353382537581E-004
  -160.00000000000003        7.1655678156721473E-004
  -155.00000000000003        8.3571424102774376E-004
  -150.00000000000003        9.6796649527984612E-004
  -145.00000000000003        1.1131158867554417E-003
  -140.00000000000000        1.2704876164774195E-003
  -135.00000000000003        1.4390425468299487E-003
  -130.00000000000003        1.6174015836359751E-003
  -125.00000000000001        1.8038916921747250E-003
  -120.00000000000001        1.9963677144220313E-003
  -115.00000000000003        2.1922961477656554E-003
  -110.00000000000001        2.3892703569108938E-003
  -105.00000000000001        2.5844375619101870E-003
  -100.00000000000003        2.7749776291685199E-003
  -95.000000000000014        2.9581602317382285E-003
  -90.000000000000014        3.1309225324717984E-003
  -85.000000000000014        3.2909386420169173E-003
  -80.000000000000014        3.4361159425298701E-003
  -75.000000000000014        3.5647102398821701E-003
  -70.000000000000000        3.6754337281232462E-003
  -65.000000000000014        3.7675783223981379E-003
  -60.000000000000007        3.8411092996447228E-003
  -55.000000000000007        3.8964359590389530E-003
  -50.000000000000014        3.9348319598496769E-003
  -45.000000000000007        3.9578935633219634E-003
  -40.000000000000007        3.9680275039649633E-003
  -35.000000000000000        3.9681146102496364E-003
  -30.000000000000004        3.9606731421330983E-003
  -25.000000000000007        3.9476696947939316E-003
  -20.000000000000004        3.9320807900388687E-003
  -15.000000000000002        3.9174799288747356E-003
  -10.000000000000002        3.9060170694389003E-003
  -5.0000000000000009        3.8984851150843506E-003
   0.0000000000000000        3.8954906021826646E-003
   5.0000000000000009        3.8984851150843506E-003
   10.000000000000002        3.9060170694389003E-003
   15.000000000000002        3.9174799288747356E-003
   20.000000000000004        3.9320807900388687E-003
   25.000000000000007        3.9476696947939316E-003
   30.000000000000004        3.9606731421330983E-003
   35.000000000000000        3.9681146102496364E-003
   40.000000000000007        3.9680275039649633E-003
   45.000000000000007        3.9578935633219634E-003
   50.000000000000014        3.9348319598496769E-003
   55.000000000000007        3.8964359590389530E-003
   60.000000000000007        3.8411092996447228E-003
   65.000000000000014        3.7675783223981379E-003
   70.000000000000000        3.6754337281232462E-003
   75.000000000000014        3.5647102398821701E-003
   80.000000000000014        3.4361159425298701E-003
   85.000000000000014        3.2909386420169173E-003
   90.000000000000014        3.1309225324717984E-003
   95.000000000000014        2.9581602317382285E-003
   100.00000000000003        2.7749776291685199E-003
   105.00000000000001        2.5844375619101870E-003
   110.00000000000001        2.3892703569108938E-003
   115.00000000000003        2.1922961477656554E-003
   120.00000000000001        1.9963677144220313E-003
   125.00000000000001        1.8038916921747250E-003
   130.00000000000003        1.6174015836359751E-003
   135.00000000000003        1.4390425468299487E-003
   140.00000000000000        1.2704876164774195E-003
   145.00000000000003        1.1131158867554417E-003
   150.00000000000003        9.6796649527984612E-004
   155.00000000000003        8.3571424102774376E-004
   160.00000000000003        7.1655678156721473E-004
   165.00000000000003        6.1061353382537581E-004
   170.00000000000003        5.1758802837432256E-004
   175.00000000000003        4.3709552263961803E-004
   180.00000000000003        3.6834953979102922E-004
   185.00000000000003        3.1039397404270479E-004
   190.00000000000003        2.6238160810504669E-004
   195.00000000000003        2.2321441874498141E-004
   200.00000000000006        1.9176968296318655E-004
   205.00000000000003        1.6705928763024983E-004
   210.00000000000003        1.4798016247225307E-004
   215.00000000000006        1.3363106110932072E-004
   220.00000000000003        1.2298752201146324E-004
   225.00000000000003        1.1528365336662263E-004
   230.00000000000006        1.0968413869977151E-004
   235.00000000000003        1.0568862266693830E-004
   240.00000000000003        1.0265863248344693E-004
   245.00000000000006        1.0021808737624464E-004
   250.00000000000003        9.7905933336192179E-005
   255.00000000000003        9.5603699517792323E-005
   260.00000000000006        9.3027963426848948E-005
   265.00000000000000        9.0054560090347638E-005
   270.00000000000006        8.6724340358469604E-005
   275.00000000000006        8.2924291623952032E-005
   280.00000000000000        7.8675329300117327E-005
   285.00000000000006        7.4134207522417062E-005
   290.00000000000006        6.9271673060487899E-005
   295.00000000000006        6.4171174844184357E-005
   300.00000000000006        5.8991165074138127E-005
   305.00000000000006        5.3823573287422603E-005
   310.00000000000006        4.8651612405413631E-005
   315.00000000000006        4.3654041069188434E-005
   320.00000000000006        3.8833830549555846E-005
   325.00000000000006        3.4321708256531357E-005
   330.00000000000006        3.0157281955669380E-005
   335.00000000000006        2.6270447908721700E-005
   340.00000000000006        2.2783787705126436E-005
   345.00000000000006        1.9638525513591502E-005
   350.00000000000006        1.6899700914174861E-005
   355.00000000000006        1.4491164929443232E-005
   360.00000000000006        1.2463931978008479E-005
   365.00000000000006        1.0726113908133192E-005
   370.00000000000006        9.3159119846212270E-006
   375.00000000000006        8.1361172346765154E-006
   380.00000000000006        7.1531132822322554E-006
   385.00000000000006        6.4386773236792314E-006
   390.00000000000006        5.8568558922137059E-006
   395.00000000000011        5.4453727649146807E-006
   400.00000000000011        5.0741271550222708E-006
   405.00000000000006        4.8193428370364673E-006
   410.00000000000006        4.6582576015404339E-006
   415.00000000000006        4.4698729592095136E-006
   420.00000000000006        4.3390621380908911E-006
   425.00000000000011        4.1848606113621954E-006
   430.00000000000011        4.0988697582910715E-006
   435.00000000000000        3.9389289706033157E-006
   440.00000000000006        3.7670876875940198E-006
   445.00000000000006        3.5808900213184581E-006
   450.00000000000006        3.3796865413660451E-006
   455.00000000000006        3.1644295884441442E-006
   460.00000000000011        2.9371600073587133E-006
   465.00000000000000        2.6335465514163623E-006
   470.00000000000006        2.3929744309566975E-006
   475.00000000000006        2.1177556478743671E-006
   480.00000000000006        1.7792045622096598E-006
   485.00000000000006        1.4841080223502312E-006
   490.00000000000011        1.1364344492074267E-006
   495.00000000000011        7.7777995460845491E-007
   500.00000000000006        1.3243572779821561E-031
