  -500.00000000000006        1.3274792847761845E-031
  -495.00000000000011        7.3068632127403494E-007
  -490.00000000000011        1.0675644931167561E-006
  -485.00000000000006        1.3942582592345642E-006
  -480.00000000000006        1.6717932897289315E-006
  -475.00000000000006        1.9905071638589597E-006
  -470.00000000000006        2.2501699433452023E-006
  -465.00000000000000        2.4778402209223168E-006
  -460.00000000000011        2.7654006096749953E-006
  -455.00000000000006        2.9819670767603878E-006
  -450.00000000000006        3.1880499074025203E-006
  -445.00000000000006        3.3817662658344302E-006
  -440.00000000000006        3.5622262079749280E-006
  -435.00000000000000        3.7299986774649652E-006
  -430.00000000000011        3.8873036823132358E-006
  -425.00000000000011        3.9756979586817458E-006
  -420.00000000000006        4.1285542023823433E-006
  -415.00000000000006        4.2595466285809128E-006
  -410.00000000000006        4.4444337950137330E-006
  -405.00000000000006        4.6031003304026085E-006
  -400.00000000000011        4.8488190131971523E-006
  -395.00000000000011        5.2025353877675748E-006
  -390.00000000000006        5.5921793432225407E-006
  -385.00000000000006        6.1395370799221518E-006
  -380.00000000000006        6.8087380903315495E-006
  -375.00000000000006        7.7271666293486238E-006
  -370.00000000000006        8.8271442453689473E-006
  -365.00000000000006        1.0140133030738707E-005
  -360.00000000000006        1.1757535170542384E-005
  -355.00000000000006        1.3643699904841233E-005
  -350.00000000000006        1.5885450512449606E-005
  -345.00000000000006        1.8435654974118421E-005
  -340.00000000000006        2.1366946713631539E-005
  -335.00000000000006        2.4619555517834284E-005
  -330.00000000000006        2.8250355235242347E-005
  -325.00000000000006        3.2146114570628741E-005
  -320.00000000000006        3.6374861525566383E-005
  -315.00000000000006        4.0901702269227586E-005
  -310.00000000000006        4.5606328754970401E-005
  -305.00000000000006        5.0488430570670862E-005
  -300.00000000000006        5.5382421639602599E-005
  -295.00000000000006        6.0306374354358325E-005
  -290.00000000000006        6.5175743588589708E-005
  -285.00000000000006        6.9843155349559173E-005
  -280.00000000000000        7.4231184707712790E-005
  -275.00000000000006        7.8367870901451233E-005
  -270.00000000000006        8.2105460345776243E-005
  -265.00000000000000        8.5423405158647014E-005
  -260.00000000000006        8.8426778995516839E-005
  -255.00000000000003        9.1075519969227754E-005
  -250.00000000000003        9.3484615077654826E-005
  -245.00000000000006        9.5919353318187764E-005
  -240.00000000000003        9.8491083029735908E-005
  -235.00000000000003        1.0163410521970651E-004
  -230.00000000000006        1.0570565777249396E-004
  -225.00000000000003        1.1131302170496405E-004
  -220.00000000000003        1.1893796738731808E-004
  -215.00000000000006        1.2938224305462852E-004
  -210.00000000000003        1.4338899589788493E-004
  -205.00000000000003        1.6195198588445626E-004
  -200.00000000000006        1.8595822591796550E-004
  -195.00000000000003        2.1649248906970998E-004
  -190.00000000000003        2.5454101923682161E-004
  -185.00000000000003        3.0122678208025893E-004
  -180.00000000000003        3.5765772933247809E-004
  -175.00000000000003        4.2471555249440313E-004
  -170.00000000000003        5.0338962834438382E-004
  -165.00000000000003        5.9452021347996436E-004
  -160.00000000000003        6.9855928929370755E-004
  -155.00000000000003        8.1587572203329500E-004
  -150.00000000000003        9.4644399544030326E-004
  -145.00000000000003        1.0901547454906727E-003
  -140.00000000000000        1.2464255057652127E-003
  -135.00000000000003        1.4143073287098084E-003
  -130.00000000000003        1.5925158092459073E-003
  -125.00000000000001        1.7794494150037237E-003
  -120.00000000000001        1.9730066779520246E-003
  -115.00000000000003        2.1706998399245946E-003
  -110.00000000000001        2.3701231740760444E-003
  -105.00000000000001        2.5683975273796187E-003
  -100.00000000000003        2.7626492279452480E-003
  -95.000000000000014        2.9500725439564153E-003
  -90.000000000000014        3.1274947246297618E-003
  -85.000000000000014        3.2924412418062310E-003
  -80.000000000000014        3.4426769304497038E-003
  -75.000000000000014        3.5762972326125386E-003
  -70.000000000000000        3.6918512572703594E-003
  -65.000000000000014        3.7885014243770102E-003
  -60.000000000000007        3.8660751226557519E-003
  -55.000000000000007        3.9248622208654634E-003
  -50.000000000000014        3.9660998505159110E-003
  -45.000000000000007        3.9913737513258439E-003
  -40.000000000000007        4.0030736797327824E-003
  -35.000000000000000        4.0041353006989794E-003
  -30.000000000000004        3.9972184668640087E-003
  -25.000000000000007        3.9843687998568625E-003
  -20.000000000000004        3.9686381368618882E-003
  -15.000000000000002        3.9537615181559896E-003
  -10.000000000000002        3.9420370928357484E-003
  -5.0000000000000009        3.9343210109334227E-003
   0.0000000000000000        3.9312460681834365E-003
   5.0000000000000009        3.9343210109334227E-003
   10.000000000000002        3.9420370928357484E-003
   15.000000000000002        3.9537615181559896E-003
   20.000000000000004        3.9686381368618882E-003
   25.000000000000007        3.9843687998568625E-003
   30.000000000000004        3.9972184668640087E-003
   35.000000000000000        4.0041353006989794E-003
   40.000000000000007        4.0030736797327824E-003
   45.000000000000007        3.9913737513258439E-003
   50.000000000000014        3.9660998505159110E-003
   55.000000000000007        3.9248622208654634E-003
   60.000000000000007        3.8660751226557519E-003
   65.000000000000014        3.7885014243770102E-003
   70.000000000000000        3.6918512572703594E-003
   75.000000000000014        3.5762972326125386E-003
   80.000000000000014        3.4426769304497038E-003
   85.000000000000014        3.2924412418062310E-003
   90.000000000000014        3.1274947246297618E-003
   95.000000000000014        2.9500725439564153E-003
   100.00000000000003        2.7626492279452480E-003
   105.00000000000001        2.5683975273796187E-003
   110.00000000000001        2.3701231740760444E-003
   115.00000000000003        2.1706998399245946E-003
   120.00000000000001        1.9730066779520246E-003
   125.00000000000001        1.7794494150037237E-003
   130.00000000000003        1.5925158092459073E-003
   135.00000000000003        1.4143073287098084E-003
   140.00000000000000        1.2464255057652127E-003
   145.00000000000003        1.0901547454906727E-003
   150.00000000000003        9.4644399544030326E-004
   155.00000000000003        8.1587572203329500E-004
   160.00000000000003        6.9855928929370755E-004
   165.00000000000003        5.9452021347996436E-004
   170.00000000000003        5.0338962834438382E-004
   175.00000000000003        4.2471555249440313E-004
   180.00000000000003        3.5765772933247809E-004
   185.00000000000003        3.0122678208025893E-004
   190.00000000000003        2.5454101923682161E-004
   195.00000000000003        2.1649248906970998E-004
   200.00000000000006        1.8595822591796550E-004
   205.00000000000003        1.6195198588445626E-004
   210.00000000000003        1.4338899589788493E-004
   215.00000000000006        1.2938224305462852E-004
   220.00000000000003        1.1893796738731808E-004
   225.00000000000003        1.1131302170496405E-004
   230.00000000000006        1.0570565777249396E-004
   235.00000000000003        1.0163410521970651E-004
   240.00000000000003        9.8491083029735908E-005
   245.00000000000006        9.5919353318187764E-005
   250.00000000000003        9.3484615077654826E-005
   255.00000000000003        9.1075519969227754E-005
   260.00000000000006        8.8426778995516839E-005
   265.00000000000000        8.5423405158647014E-005
   270.00000000000006        8.2105460345776243E-005
   275.00000000000006        7.8367870901451233E-005
   280.00000000000000        7.4231184707712790E-005
   285.00000000000006        6.9843155349559173E-005
   290.00000000000006        6.5175743588589708E-005
   295.00000000000006        6.0306374354358325E-005
   300.00000000000006        5.5382421639602599E-005
   305.00000000000006        5.0488430570670862E-005
   310.00000000000006        4.5606328754970401E-005
   315.00000000000006        4.0901702269227586E-005
   320.00000000000006        3.6374861525566383E-005
   325.00000000000006        3.2146114570628741E-005
   330.00000000000006        2.8250355235242347E-005
   335.00000000000006        2.4619555517834284E-005
   340.00000000000006        2.1366946713631539E-005
   345.00000000000006        1.8435654974118421E-005
   350.00000000000006        1.5885450512449606E-005
   355.00000000000006        1.3643699904841233E-005
   360.00000000000006        1.1757535170542384E-005
   365.00000000000006        1.0140133030738707E-005
   370.00000000000006        8.8271442453689473E-006
   375.00000000000006        7.7271666293486238E-006
   380.00000000000006        6.8087380903315495E-006
   385.00000000000006        6.1395370799221518E-006
   390.00000000000006        5.5921793432225407E-006
   395.00000000000011        5.2025353877675748E-006
   400.00000000000011        4.8488190131971523E-006
   405.00000000000006        4.6031003304026085E-006
   410.00000000000006        4.4444337950137330E-006
   415.00000000000006        4.2595466285809128E-006
   420.00000000000006        4.1285542023823433E-006
   425.00000000000011        3.9756979586817458E-006
   430.00000000000011        3.8873036823132358E-006
   435.00000000000000        3.7299986774649652E-006
   440.00000000000006        3.5622262079749280E-006
   445.00000000000006        3.3817662658344302E-006
   450.00000000000006        3.1880499074025203E-006
   455.00000000000006        2.9819670767603878E-006
   460.00000000000011        2.7654006096749953E-006
   465.00000000000000        2.4778402209223168E-006
   470.00000000000006        2.2501699433452023E-006
   475.00000000000006        1.9905071638589597E-006
   480.00000000000006        1.6717932897289315E-006
   485.00000000000006        1.3942582592345642E-006
   490.00000000000011        1.0675644931167561E-006
   495.00000000000011        7.3068632127403494E-007
   500.00000000000006        1.3274792847761845E-031
