1 0 0 0
2 0 0 0
3 0 0 0
4 0 0 0
5 0 0 0
6 -1.00016 50.9498 0.249746
7 -0.50732 51.4427 1.5148
8 -1.22621 50.7238 0.496391
9 -0.812233 51.1378 0.384202
10 -0.9893 50.9607 0.744044
11 -0.880828 51.0692 0.695002
12 -1.15489 50.7951 0.448651
13 -0.992003 50.958 0.586564
14 -0.834634 51.1154 0.471406
15 -0.993549 50.9565 0.473656
16 -0.698431 51.2516 0.442908
17 -0.757981 51.192 0.361021
18 -1.17541 50.7746 0.525152
19 -0.743523 51.2065 0.509491
20 -0.980525 50.9695 0.575666
21 -0.974028 50.976 0.540155
22 -0.806863 51.1431 0.549606
23 -0.895141 51.0549 0.550565
24 -0.822233 51.1278 0.400443
25 -0.913833 51.0362 0.50745
26 -0.81102 51.139 0.426323
27 -0.573119 51.3769 0.767664
28 -0.925154 51.0248 0.502009
29 -0.0482015 51.9018 2.01902
30 -0.952268 50.9977 0.454658
31 -1.15633 50.7937 0.349512
32 -0.937765 51.0122 1.25073
33 -0.987114 50.9629 0.470158
34 -1.08064 50.8694 0.603781
35 -0.846509 51.1035 0.536026
36 0.358211 52.3082 2.54058
37 -0.938639 51.0114 0.65716
38 -0.290927 51.6591 2.00733
39 -1.03912 50.9109 0.561092
40 -1.00109 50.9489 0.65013
41 -0.81899 51.131 0.475737
42 -0.473393 51.4766 0.904412
43 -1.65639 50.2936 1.68594
44 -0.866126 51.0839 0.435778
45 -0.777163 51.1728 0.566315
46 -1.03093 50.9191 0.466632
47 -0.8663 51.0837 0.63848
48 -0.976434 50.9736 0.50285
49 -0.859363 51.0906 0.758406
50 0.265168 52.2152 1.4899
51 -1.22173 50.7283 0.188844
52 -1.38385 50.5661 0.523976
53 -1.00337 50.9466 0.232744
54 -1.13334 50.8167 0.452706
55 -1.15711 50.7929 0.749402
56 -1.48259 50.4674 0.762421
57 -0.726448 51.2236 0.408662
58 -1.2545 50.6955 0.40581
59 -0.897499 51.0525 0.440792
60 -1.00987 50.9401 0.59551
61 -0.908694 51.0413 0.418745
62 -1.07691 50.8731 0.628527
63 -1.09162 50.8584 0.408428
64 -1.11423 50.8358 0.479676
65 -1.0175 50.9325 0.473736
66 -1.14871 50.8013 0.590016
67 -0.951612 50.9984 0.568452
68 -0.89468 51.0553 0.467217
69 -0.420326 51.5297 2.5398
70 -1.03991 50.9101 0.515059
71 -1.16915 50.7809 0.531334
72 -0.956948 50.9931 0.523172
73 -1.11528 50.8347 0.439005
74 -0.890128 51.0599 0.380887
75 -1.14452 50.8055 0.400635
76 -0.986768 50.9632 0.378914
77 -1.01973 50.9303 0.452183
78 -1.43501 50.515 0.873716
79 -1.00604 50.944 0.39585
80 -1.28929 50.6607 0.490294
81 -0.920138 51.0299 0.523502
82 -1.09226 50.8577 0.304095
83 -0.811698 51.1383 0.687253
84 -1.05682 50.8932 0.494982
85 -0.800822 51.1492 0.286246
86 -1.10214 50.8479 0.334699
87 -0.918836 51.0312 0.398244
88 -0.943383 51.0066 0.332787
89 -0.89015 51.0599 0.482914
90 -0.876265 51.0737 0.371031
91 -0.94466 51.0053 0.294343
92 -0.948164 51.0018 0.36627
93 -1.18823 50.7618 0.676914
94 -3.29236 48.6576 1.49548
95 -0.991171 50.9588 0.424212
96 -0.979276 50.9707 0.5592
97 -0.883952 51.066 0.511543
98 -1.39045 50.5595 0.407373
99 -1.3462 50.6038 0.607031
100 0 0 0
101 -0.464146 51.4859 0.252407
102 -0.643722 51.3063 0.252136
103 -0.367374 51.5826 0.0996385
104 -0.464146 51.4859 0.252407
105 -0.213472 51.7365 0.448059
106 -0.72786 51.2221 0.309656
107 -0.712479 51.2375 0.256508
108 -0.800011 51.15 0.246266
109 -0.773336 51.1767 0.233728
110 -0.982039 50.968 0.244696
111 -0.657048 51.293 0.237969
112 -0.91249 51.0375 0.21511
113 -0.738011 51.212 0.239164
114 -0.790574 51.1594 0.263753
115 -0.747986 51.202 0.243793
116 -0.775431 51.1746 0.253806
117 -0.823571 51.1264 0.271551
118 -0.823501 51.1265 0.265537
119 -1.14438 50.8056 0.308484
120 -0.966878 50.9831 0.25607
121 -0.892241 51.0578 0.248831
122 -1.08858 50.8614 0.255234
123 -0.956025 50.994 0.260674
124 -0.769484 51.1805 0.279109
125 -0.857576 51.0924 0.319219
126 -0.961754 50.9882 0.290617
127 -0.880239 51.0698 0.28409
128 -1.04282 50.9072 0.240195
129 -0.84122 51.1088 0.276984
130 -0.876776 51.0732 0.253199
131 -0.766217 51.1838 0.284601
132 -0.93245 51.0175 0.316886
133 -0.864699 51.0853 0.303837
134 -0.930909 51.0191 0.313182
135 -0.859622 51.0904 0.251416
136 -0.855669 51.0943 0.281212
137 -0.796991 51.153 0.286795
138 -1.14003 50.81 0.27857
139 -0.820504 51.1295 0.245316
140 -0.911219 51.0388 0.260649
141 -0.804788 51.1452 0.28959
142 -0.830561 51.1194 0.343827
143 -0.972981 50.977 0.279415
144 -0.691053 51.2589 0.298616
145 -0.828096 51.1219 0.255176
146 -0.795404 51.1546 0.276923
147 -0.645883 51.3041 0.24556
148 -0.714314 51.2357 0.250908
149 -0.744091 51.2059 0.204467
150 -0.60497 51.345 0.286763
151 -0.755633 51.1944 1.03626
152 -1.15775 50.7922 0.321796
153 -0.962846 50.9872 0.283926
154 -1.01411 50.9359 0.278772
155 -0.774742 51.1753 0.294399
156 -1.1724 50.7776 0.245887
157 -0.701218 51.2488 0.27734
158 -0.970363 50.9796 0.326239
159 -0.93779 51.0122 0.27769
160 -0.907329 51.0427 0.210302
161 -0.970826 50.9792 0.279433
162 -0.790234 51.1598 0.265245
163 -0.860587 51.0894 0.318082
164 -0.715383 51.2346 0.274559
165 4.85619 56.8062 1.45987
166 -0.780217 51.1698 0.276588
167 -0.696392 51.2536 0.259576
168 -1.09051 50.8595 0.26224
169 -0.834193 51.1158 0.289365
170 -0.983294 50.9667 0.260337
171 -1.06478 50.8852 0.344176
172 -0.768385 51.1816 0.282043
173 -0.834418 51.1156 0.257414
174 -1.10084 50.8492 0.240928
175 -0.83906 51.1109 0.248937
176 -1.08476 50.8652 0.328906
177 -0.792305 51.1577 0.26297
178 -1.09637 50.8536 0.223533
179 -0.713127 51.2369 0.253548
180 -0.79462 51.1554 0.25974
181 -0.909849 51.0402 0.319197
182 -0.972933 50.9771 0.245518
183 -0.776497 51.1735 0.26044
184 -0.987716 50.9623 0.229492
185 -0.945656 51.0043 0.313723
186 -0.978361 50.9716 0.264017
187 -0.908334 51.0417 0.240033
188 -0.801574 51.1484 0.25824
189 -0.649995 51.3 0.332024
190 -0.809715 51.1403 0.25903
191 -0.901756 51.0482 0.207985
192 -1.14346 50.8065 0.299465
193 -0.909944 51.0401 0.244901
194 -1.17547 50.7745 0.400088
195 -0.89186 51.0581 0.263719
196 -1.04675 50.9032 0.250303
197 -1.04072 50.9093 0.244
198 -0.947049 51.003 0.239711
199 -0.817995 51.132 0.364157
200 -0.37379 51.5762 0.0994358
201 -15.781 36.169 6.7435e-07
202 0 0 0
203 -0.464146 51.4859 0.252407
204 0 0 0
205 0.486901 52.4369 1.46545
206 -0.987137 50.9629 0.314966
207 -0.968265 50.9817 0.290425
208 -0.925414 51.0246 0.262347
209 -1.62312 50.3269 0.7419
210 -0.919259 51.0307 0.205783
211 -0.538878 51.4111 0.281843
212 -0.798281 51.1517 0.293303
213 -0.795058 51.1549 0.248321
214 -0.843573 51.1064 0.267619
215 -0.548248 51.4018 0.303833
216 -0.818938 51.1311 0.233616
217 -0.783639 51.1664 0.262351
218 -0.916992 51.033 0.244908
219 -0.988965 50.961 0.257648
220 -0.90726 51.0427 0.334089
221 -0.930068 51.0199 0.336811
222 -0.999619 50.9504 0.293001
223 -0.758378 51.1916 0.27686
224 -0.847447 51.1026 0.248771
225 -0.946857 51.0031 0.230016
226 -0.829113 51.1209 0.239676
227 -0.973274 50.9767 0.262312
228 -0.834104 51.1159 0.252125
229 -0.799577 51.1504 0.267024
230 -1.04137 50.9086 0.276968
231 -0.834158 51.1158 0.238944
232 -0.840985 51.109 0.282045
233 -0.943203 51.0068 0.27049
234 -0.819903 51.1301 0.254408
235 -0.682162 51.2678 0.232993
236 -0.886565 51.0634 0.300351
237 -0.829387 51.1206 0.287469
238 -0.92086 51.0291 0.310261
239 -0.834496 51.1155 0.267688
240 -0.630608 51.3194 0.286525
241 -0.733885 51.2161 0.284566
242 -0.874146 51.0759 0.21783
243 -0.815919 51.1341 0.251997
244 -0.988353 50.9616 0.242116
245 -0.774153 51.1758 0.240128
246 -0.786678 51.1633 0.302496
247 -0.823511 51.1265 0.246695
248 -0.817327 51.1327 0.27762
249 -0.669288 51.2807 0.311054
250 -0.604558 51.3454 0.226872
251 -0.919149 51.0309 0.244953
252 -0.826651 51.1233 0.292997
253 -0.839605 51.1104 0.267906
254 -0.971716 50.9783 0.286414
255 -0.791385 51.1586 0.316512
256 -0.943878 51.0061 0.273987
257 -0.980307 50.9697 0.237546
258 -0.966986 50.983 0.231558
259 -0.706336 51.2437 0.260683
260 -1.01037 50.9396 0.239739
261 -0.585543 51.3645 0.260506
262 -0.761259 51.1887 0.23907
263 -0.965416 50.9846 0.25595
264 -1.00038 50.9496 0.262673
265 -0.900874 51.0491 0.229596
266 -0.968502 50.9815 0.243319
267 -0.869887 51.0801 0.407645
268 -0.99617 50.9538 0.267059
269 -0.904411 51.0456 0.282506
270 -0.938482 51.0115 0.263504
271 -0.942009 51.008 0.292775
272 -0.862142 51.0879 0.282074
273 -0.664393 51.2856 0.260002
274 -1.14081 50.8092 0.208831
275 -1.06734 50.8827 0.272462
276 -0.896036 51.054 0.284691
277 -0.935675 51.0143 0.212265
278 -0.885778 51.0642 0.314897
279 -0.87739 51.0726 0.279345
280 -1.15403 50.796 0.245538
281 -1.04369 50.9063 0.251475
282 -0.838259 51.1117 0.284422
283 -1.10187 50.8481 0.223501
284 -1.06623 50.8838 0.217457
285 -0.836069 51.1139 0.224585
286 -0.997332 50.9527 0.256249
287 -0.770344 51.1797 0.272299
288 -0.980984 50.969 0.260493
289 -1.02643 50.9236 0.241437
290 -0.644144 51.3059 0.233842
291 -0.911286 51.0387 0.300554
292 -0.865268 51.0847 0.276226
293 -0.943576 51.0064 0.308034
294 -0.779312 51.1707 0.299247
295 -0.839412 51.1106 0.295175
296 -0.876978 51.073 0.273446
297 -0.916069 51.0339 0.236287
298 -0.92622 51.0238 0.231666
299 -0.837614 51.1124 0.235415
300 -1.09025 50.8597 0.530412
301 0 0 0
302 -15.907 36.043 6.7435e-07
303 -0.643722 51.3063 0.252136
304 0 0 0
305 -0.0303768 51.9196 0.677944
306 -0.707829 51.2422 0.336465
307 -0.832294 51.1177 0.238994
308 -1.01326 50.9367 0.267425
309 -0.945801 51.0042 0.237101
310 -0.977445 50.9726 0.241213
311 -0.835364 51.1146 0.23725
312 -0.791967 51.158 0.254964
313 -0.862811 51.0872 0.287355
314 -0.942708 51.0073 0.207803
315 -0.853431 51.0966 0.274916
316 -0.882462 51.0675 0.290662
317 -0.819796 51.1302 0.249369
318 -1.18935 50.7607 0.255935
319 -0.914667 51.0353 0.262434
320 -0.90153 51.0485 0.306945
321 -0.931453 51.0185 0.330247
322 -1.37382 50.5762 0.280064
323 -1.13035 50.8197 0.259848
324 -1.00776 50.9422 0.29502
325 -0.822724 51.1273 0.266888
326 -1.17051 50.7795 0.237066
327 -0.770133 51.1799 0.215243
328 -0.86045 51.0895 0.231887
329 -0.659593 51.2904 0.23714
330 -1.07867 50.8713 0.20906
331 -0.87405 51.076 0.253887
332 -1.04814 50.9019 0.269006
333 -0.954594 50.9954 0.273988
334 -1.0073 50.9427 0.252683
335 -0.649062 51.3009 0.253122
336 -0.877603 51.0724 0.271742
337 -0.660764 51.2892 0.243428
338 -0.815056 51.1349 0.217553
339 -0.827499 51.1225 0.233342
340 -0.878138 51.0719 0.314747
341 -0.701241 51.2488 0.212014
342 -0.711665 51.2383 0.235954
343 -0.558148 51.3919 0.269142
344 -0.988962 50.961 0.28388
345 -0.578673 51.3713 0.293169
346 -0.495126 51.4549 0.273627
347 -0.717618 51.2324 0.222264
348 -0.741214 51.2088 0.227667
349 -0.633748 51.3163 0.277362
350 -0.542817 51.4072 0.392896
351 -0.876844 51.0732 0.297371
352 -1.07071 50.8793 0.254123
353 -0.92724 51.0228 0.223021
354 -1.19543 50.7546 0.261899
355 -0.86125 51.0888 0.301597
356 -0.905051 51.0449 0.292285
357 -0.811204 51.1388 0.247208
358 -0.840088 51.1099 0.311249
359 -0.956557 50.9934 0.262055
360 -0.839239 51.1108 0.244156
361 -0.65895 51.291 0.281916
362 -0.738927 51.2111 0.298339
363 -0.911873 51.0381 0.289652
364 -1.11498 50.835 0.204746
365 -0.910389 51.0396 0.251113
366 -1.08588 50.8641 0.26045
367 -0.727229 51.2228 0.301405
368 -1.2309 50.7191 0.230579
369 -0.915891 51.0341 0.304649
370 -0.933428 51.0166 0.214729
371 -0.810587 51.1394 0.280369
372 -1.13854 50.8115 0.294881
373 -0.910736 51.0393 0.27134
374 -0.698223 51.2518 0.267368
375 -0.925702 51.0243 0.230887
376 -1.04479 50.9052 0.264116
377 -0.650681 51.2993 0.290579
378 -0.937801 51.0122 0.23969
379 -0.943676 51.0063 0.259637
380 -1.00096 50.949 0.250242
381 -0.931673 51.0183 0.207516
382 -1.03195 50.9181 0.323861
383 -1.0972 50.8528 0.266502
384 -1.12039 50.8296 0.220972
385 -1.026 50.924 0.229871
386 -1.03607 50.9139 0.279968
387 -0.849686 51.1003 0.241053
388 -0.759638 51.1904 0.26133
389 -0.964385 50.9856 0.252661
390 -0.81331 51.1367 0.258941
391 -0.901772 51.0482 0.321438
392 -1.02401 50.926 0.337067
393 -0.639364 51.3106 0.252247
394 -0.844049 51.106 0.254258
395 -0.892987 51.057 0.259669
396 -1.00542 50.9446 0.310361
397 -0.95503 50.995 0.311127
398 -0.783531 51.1665 0.333927
399 -0.949838 51.0002 0.226461
400 -0.626362 51.3236 0.567475
401 -0.0656003 51.8844 0.26494
402 -0.0656003 51.8844 0.26494
403 -0.375864 51.5741 0.0990322
404 -0.284599 51.6654 0.252639
405 -0.727528 51.2225 0.235891
406 -0.698958 51.251 0.251774
407 -0.878746 51.0713 0.316526
408 -0.981111 50.9689 0.270435
409 -1.13437 50.8156 0.210634
410 -0.926113 51.0239 0.261992
411 -0.962032 50.988 0.243536
412 -1.29369 50.6563 0.223811
413 -0.753492 51.1965 0.212174
414 -0.781203 51.1688 0.240953
415 -1.19075 50.7593 0.258831
416 -1.04101 50.909 0.244387
417 -0.839813 51.1102 0.243772
418 -0.891669 51.0583 0.242997
419 -0.821681 51.1283 0.253719
420 -1.01491 50.9351 0.251404
421 -1.05025 50.8998 0.253232
422 -1.01806 50.9319 0.251379
423 -1.09558 50.8544 0.262553
424 -0.741039 51.209 0.223233
425 -0.775344 51.1747 0.202785
426 -0.973195 50.9768 0.240443
427 -0.929774 51.0202 0.205681
428 -0.98779 50.9622 0.244892
429 -1.16758 50.7824 0.235764
430 -0.965648 50.9844 0.25722
431 -0.959858 50.9901 0.214711
432 -0.863124 51.0869 0.22533
433 -0.689406 51.2606 0.250558
434 -0.673496 51.2765 0.226413
435 -0.703169 51.2468 0.267833
436 -1.07832 50.8717 0.234167
437 -0.952611 50.9974 0.219975
438 -1.13136 50.8186 0.246926
439 -0.808743 51.1413 0.231222
440 -0.706364 51.2436 0.238095
441 -0.78269 51.1673 0.201033
442 -0.915646 51.0344 0.213373
443 -0.745959 51.204 0.199775
444 -0.380838 51.5692 0.253942
445 -0.749113 51.2009 0.244404
446 -0.881281 51.0687 0.215312
447 -0.435541 51.5145 0.262512
448 -0.405061 51.5449 0.208744
449 -0.75901 51.191 0.225784
450 -0.613 51.337 0.2692
451 -0.748047 51.202 0.242838
452 -1.13833 50.8117 0.2468
453 -0.822647 51.1274 0.26181
454 -1.19444 50.7556 0.277523
455 -0.920712 51.0293 0.216478
456 -0.927975 51.022 0.303735
457 -0.925307 51.0247 0.205608
458 -0.905351 51.0446 0.196667
459 -0.883719 51.0663 0.214528
460 -1.00658 50.9434 0.224615
461 -0.973123 50.9769 0.238589
462 -0.935089 51.0149 0.206593
463 -0.758817 51.1912 0.204984
464 -0.838876 51.1111 0.247926
465 -0.756054 51.1939 0.246862
466 -1.03735 50.9126 0.259634
467 -0.895321 51.0547 0.267411
468 -0.902269 51.0477 0.219529
469 -0.84533 51.1047 0.245699
470 -0.746495 51.2035 0.217955
471 -1.00667 50.9433 0.275156
472 -0.970282 50.9797 0.263964
473 -0.930008 51.02 0.210941
474 -0.994539 50.9555 0.239902
475 -1.02468 50.9253 0.236206
476 -0.990688 50.9593 0.223617
477 -1.02412 50.9259 0.293769
478 -0.732243 51.2178 0.239052
479 -0.847341 51.1027 0.2375
480 -0.917631 51.0324 0.21379
481 -0.914707 51.0353 0.265176
482 -0.881773 51.0682 0.230111
483 -0.750036 51.2 0.210111
484 -1.02632 50.9237 0.235451
485 -0.628633 51.3214 0.222673
486 -1.09598 50.854 0.20175
487 -0.952624 50.9974 0.290948
488 -1.00335 50.9467 0.234428
489 -0.798996 51.151 0.249286
490 -1.07249 50.8775 0.206598
491 -0.856122 51.0939 0.233282
492 -0.940771 51.0092 0.197177
493 -0.965092 50.9849 0.25271
494 -0.863862 51.0861 0.22924
495 -0.875159 51.0748 0.266964
496 -1.1577 50.7923 0.244721
497 -0.756046 51.194 0.221002
498 -0.992893 50.9571 0.21679
499 -0.784381 51.1656 0.180609
500 -1.09006 50.8599 0.26093
501 -16.033 35.917 6.7435e-07
502 -15.781 36.169 6.7435e-07
503 -15.781 36.169 6.7435e-07
504 -0.110414 51.8396 0.198332
505 -0.922691 51.0273 0.097296
506 -1.02323 50.9268 0.289069
507 -0.973977 50.976 0.230675
508 -0.967051 50.9829 0.231318
509 -0.7855 51.1645 0.280401
510 -1.18129 50.7687 0.256368
511 -0.847452 51.1025 0.256707
512 -0.967874 50.9821 0.234304
513 -0.862035 51.088 0.253632
514 -0.96131 50.9887 0.256427
515 -0.794307 51.1557 0.244961
516 -1.11582 50.8342 0.217641
517 -0.732883 51.2171 0.296483
518 -0.934575 51.0154 0.235776
519 -0.901852 51.0481 0.293497
520 -0.786452 51.1635 0.262937
521 -0.694154 51.2558 0.265242
522 -0.992053 50.9579 0.256329
523 -0.589466 51.3605 0.245703
524 -0.913058 51.0369 0.22204
525 -0.818113 51.1319 0.266817
526 -0.855198 51.0948 0.250708
527 -0.840473 51.1095 0.251175
528 -0.839051 51.1109 0.239261
529 -0.903965 51.046 0.260801
530 -0.849157 51.1008 0.237797
531 -0.615959 51.334 0.254649
532 -0.981599 50.9684 0.244817
533 -0.945237 51.0048 0.229491
534 -0.907017 51.043 0.214559
535 -1.35761 50.5924 0.271099
536 -0.990447 50.9596 0.265649
537 -0.942899 51.0071 0.247511
538 -1.07176 50.8782 0.22632
539 -0.817322 51.1327 0.243605
540 -0.871025 51.079 0.23067
541 -0.823492 51.1265 0.247647
542 -0.857417 51.0926 0.244499
543 -0.765036 51.185 0.235696
544 -0.983016 50.967 0.258508
545 -0.757143 51.1929 0.25587
546 -0.794862 51.1551 0.250553
547 -0.789217 51.1608 0.261834
548 -0.733846 51.2162 0.21405
549 -0.635881 51.3141 0.167861
550 -0.541828 51.4082 0.228407
551 -0.786266 51.1637 0.196957
552 -0.954901 50.9951 0.421461
553 -0.680493 51.2695 0.285646
554 -0.807716 51.1423 0.254743
555 -0.839709 51.1103 0.273977
556 -0.816483 51.1335 0.238579
557 -0.84062 51.1094 0.265004
558 -0.795913 51.1541 0.257707
559 -0.76858 51.1814 0.25239
560 -0.874046 51.076 0.276693
561 -0.861193 51.0888 0.260337
562 -0.851531 51.0985 0.260226
563 -0.892221 51.0578 0.230859
564 -0.827871 51.1221 0.228212
565 -1.0234 50.9266 0.208973
566 -0.935821 51.0142 0.206755
567 -0.951879 50.9981 0.255113
568 -0.927785 51.0222 0.2791
569 -0.935129 51.0149 0.290365
570 -0.798747 51.1513 0.21439
571 -0.790753 51.1592 0.288025
572 -1.02377 50.9262 0.243227
573 -1.0209 50.9291 0.247271
574 -0.959897 50.9901 0.255794
575 -0.868471 51.0815 0.285521
576 -0.924188 51.0258 0.202179
577 -1.01771 50.9323 0.183343
578 -0.920568 51.0294 0.209647
579 -1.10301 50.847 0.194602
580 -0.886366 51.0636 0.269045
581 -0.925631 51.0244 0.229875
582 -1.26977 50.6802 0.325217
583 -0.836837 51.1132 0.252563
584 -1.00038 50.9496 0.230003
585 -1.06291 50.8871 0.275903
586 -0.832905 51.1171 0.227879
587 -0.903564 51.0464 0.221693
588 -0.740826 51.2092 0.222366
589 -1.16105 50.789 0.224203
590 -1.27062 50.6794 0.199517
591 -1.01136 50.9386 0.243871
592 -1.02523 50.9248 0.27721
593 -0.854289 51.0957 0.265367
594 -0.866844 51.0832 0.27288
595 -0.877505 51.0725 0.204238
596 -1.00936 50.9406 0.286644
597 -0.983812 50.9662 0.253051
598 -0.943359 51.0066 0.231918
599 -0.99718 50.9528 0.18194
600 -0.944687 51.0053 0.422194
601 -15.907 36.043 6.7435e-07
602 0 0 0
603 0 0 0
604 -0.643722 51.3063 0.252136
605 -0.900782 51.0492 0.0982613
606 -0.931213 51.0188 0.234443
607 -0.925045 51.025 0.203118
608 -1.01281 50.9372 0.297886
609 -0.994697 50.9553 0.207665
610 -0.908055 51.0419 0.217228
611 -0.91591 51.0341 0.247326
612 -0.935934 51.0141 0.206797
613 -0.912095 51.0379 0.230402
614 -1.02265 50.9274 0.253188
615 -0.888327 51.0617 0.257784
616 -1.16336 50.7866 0.20886
617 -0.884542 51.0655 0.274073
618 -0.908414 51.0416 0.270319
619 -0.966481 50.9835 0.211528
620 -0.964603 50.9854 0.277945
621 -1.15681 50.7932 0.22877
622 -1.02256 50.9274 0.282042
623 -1.00479 50.9452 0.224844
624 -0.938689 51.0113 0.266276
625 -0.809934 51.1401 0.214907
626 -0.919371 51.0306 0.242983
627 -0.803864 51.1461 0.249214
628 -0.922802 51.0272 0.210575
629 -0.996658 50.9533 0.233995
630 -0.930483 51.0195 0.314824
631 -0.790848 51.1592 0.258074
632 -1.06229 50.8877 0.20848
633 -0.746848 51.2032 0.247421
634 -0.93791 51.0121 0.255434
635 -0.742257 51.2077 0.194205
636 -0.979578 50.9704 0.259246
637 -0.893692 51.0563 0.20277
638 -1.00868 50.9413 0.244503
639 -0.69203 51.258 0.25639
640 -0.881208 51.0688 0.235786
641 -0.632196 51.3178 0.207728
642 -0.823396 51.1266 0.28038
643 -0.585075 51.3649 0.265919
644 -0.686484 51.2635 0.255093
645 -0.638616 51.3114 0.282702
646 -0.729953 51.22 0.225716
647 -0.404968 51.545 0.213069
648 -0.651932 51.2981 0.278603
649 -0.535557 51.4144 0.216535
650 -0.536152 51.4138 0.208913
651 -0.736671 51.2133 0.285064
652 -0.712224 51.2378 0.259202
653 -0.967601 50.9824 0.230716
654 -0.806683 51.1433 0.317077
655 -0.844653 51.1053 0.182744
656 -0.777145 51.1729 0.248502
657 -0.950245 50.9998 0.244656
658 -0.892531 51.0575 0.273991
659 -0.833783 51.1162 0.238382
660 -0.808982 51.141 0.230031
661 -0.790282 51.1597 0.233744
662 -0.839809 51.1102 0.306587
663 -0.575081 51.3749 0.214051
664 -0.68423 51.2658 0.27031
665 -1.06232 50.8877 0.273134
666 -1.07771 50.8723 0.209422
667 -0.828647 51.1214 0.265029
668 -0.898723 51.0513 0.212369
669 -0.738977 51.211 0.273874
670 -1.13538 50.8146 0.258416
671 -0.889194 51.0608 0.314936
672 -1.17914 50.7709 0.309208
673 -0.810762 51.1392 0.251502
674 -0.946175 51.0038 0.235929
675 -0.954343 50.9957 0.201522
676 -0.946203 51.0038 0.202635
677 -0.919988 51.03 0.27695
678 -0.970284 50.9797 0.205988
679 -1.16605 50.7839 0.258196
680 -1.08422 50.8658 0.229335
681 -1.16941 50.7806 0.30058
682 -0.834377 51.1156 0.250944
683 -0.887527 51.0625 0.189009
684 -0.994546 50.9555 0.296646
685 -0.957696 50.9923 0.230194
686 -0.965395 50.9846 0.268739
687 -0.918657 51.0313 0.229626
688 -0.922591 51.0274 0.219178
689 -0.959243 50.9908 0.1987
690 -0.908924 51.0411 0.208074
691 -0.881852 51.0681 0.193648
692 -0.91735 51.0326 0.299254
693 -0.851765 51.0982 0.26367
694 -0.915907 51.0341 0.194575
695 -0.737048 51.213 0.236868
696 -0.969328 50.9807 0.217693
697 -0.820987 51.129 0.250338
698 -0.982277 50.9677 0.261596
699 -0.93317 51.0168 0.228526
700 -0.972325 50.9777 0.204553
701 -0.464146 51.4859 0.252407
702 0 0 0
703 -0.464171 51.4858 0.252377
704 0 0 0
705 -0.147054 51.8029 0.6704
706 -0.653983 51.296 0.208482
707 -0.894854 51.0551 0.192338
708 -1.03989 50.9101 0.305666
709 -0.898902 51.0511 0.218031
710 -0.957346 50.9927 0.204755
711 -0.713422 51.2366 0.188009
712 -1.34563 50.6044 0.268637
713 -0.806789 51.1432 0.200372
714 -0.827147 51.1229 0.228949
715 -0.63483 51.3152 0.27252
716 -0.822377 51.1276 0.250066
717 -0.958088 50.9919 0.188208
718 -0.657778 51.2922 0.257877
719 -0.891477 51.0585 0.282252
720 -0.794649 51.1554 0.232455
721 -1.05435 50.8957 0.231424
722 -1.12615 50.8239 0.216716
723 -0.771564 51.1784 0.239885
724 -0.86342 51.0866 0.284341
725 -1.07628 50.8737 0.276398
726 -0.83879 51.1112 0.250764
727 -0.886357 51.0636 0.283771
728 -1.03565 50.9144 0.247779
729 -0.813388 51.1366 0.265903
730 -1.09782 50.8522 0.23299
731 -0.688579 51.2614 0.202943
732 -0.989353 50.9606 0.236608
733 -0.683048 51.267 0.24142
734 -0.763742 51.1863 0.284516
735 -1.00298 50.947 0.234255
736 -0.673678 51.2763 0.279011
737 -0.774713 51.1753 0.317896
738 -0.639594 51.3104 0.26763
739 -0.906169 51.0438 0.189977
740 -0.710766 51.2392 0.194373
741 -0.712971 51.237 0.192992
742 -0.913733 51.0363 0.210263
743 -0.535054 51.4149 0.198739
744 -0.649696 51.3003 0.257282
745 -0.743297 51.2067 0.207742
746 -0.658748 51.2913 0.236671
747 -0.516826 51.4332 0.243278
748 -0.695938 51.2541 0.300311
749 -0.535509 51.4145 0.227769
750 -0.602922 51.3471 0.197616
751 2.3837 54.3337 1.28306
752 -0.908409 51.0416 0.273118
753 -0.875349 51.0747 0.243211
754 -0.982461 50.9675 0.175264
755 -0.791883 51.1581 0.174017
756 -0.884796 51.0652 0.245137
757 -0.658019 51.292 0.279108
758 -1.04679 50.9032 0.188453
759 -0.883845 51.0662 0.197603
760 -0.784554 51.1654 0.232828
761 -0.90846 51.0415 0.225499
762 -1.27735 50.6727 0.237191
763 -0.591711 51.3583 0.273877
764 -0.879135 51.0709 0.269422
765 -1.06725 50.8827 0.260848
766 -0.82343 51.1266 0.257714
767 -0.783404 51.1666 0.326585
768 -0.796348 51.1537 0.254588
769 -0.759752 51.1902 0.236987
770 -0.965104 50.9849 0.269155
771 -0.987816 50.9622 0.26406
772 -0.955991 50.994 0.241805
773 -0.856263 51.0937 0.293687
774 -0.920272 51.0297 0.22199
775 -0.982823 50.9672 0.220098
776 -0.926275 51.0237 0.241106
777 -1.09362 50.8564 0.216769
778 -0.888802 51.0612 0.206701
779 -0.91 51.04 0.213757
780 -0.987801 50.9622 0.193137
781 -0.79849 51.1515 0.265761
782 -0.929723 51.0203 0.184531
783 -0.741612 51.2084 0.268586
784 -0.973454 50.9765 0.205655
785 -0.937186 51.0128 0.252596
786 -1.03537 50.9146 0.18132
787 -0.938216 51.0118 0.235304
788 -0.843685 51.1063 0.249937
789 -0.899332 51.0507 0.204178
790 -0.728182 51.2218 0.205947
791 -0.948307 51.0017 0.216816
792 -0.973714 50.9763 0.396091
793 -0.842578 51.1074 0.159071
794 -0.741554 51.2084 0.202176
795 -0.867983 51.082 0.208799
796 -0.992936 50.9571 0.196077
797 -0.916042 51.034 0.234681
798 -0.739027 51.211 0.224404
799 -0.970568 50.9794 0.182841
800 -1.05826 50.8917 0.384682
801 0 0 0
802 -15.907 36.043 6.7435e-07
803 0 0 0
804 -15.655 36.295 6.7435e-07
805 -0.890402 51.0596 0.0949263
806 -0.778055 51.1719 0.28626
807 -0.73043 51.2196 0.206857
808 -0.997948 50.9521 0.25865
809 -1.00485 50.9452 0.188098
810 -0.899549 51.0505 0.341607
811 -1.00203 50.948 0.247647
812 -0.934527 51.0155 0.224021
813 -0.873022 51.077 0.199686
814 -0.883313 51.0667 0.238412
815 -1.11472 50.8353 0.217248
816 -0.956083 50.9939 0.192254
817 -0.874921 51.0751 0.265132
818 -1.15684 50.7932 0.230143
819 -0.826295 51.1237 0.278323
820 -0.883006 51.067 0.219744
821 -0.929253 51.0207 0.204806
822 -1.04483 50.9052 0.214217
823 -1.00473 50.9453 0.222586
824 -1.16255 50.7875 0.25197
825 -0.962374 50.9876 0.239222
826 -0.908788 51.0412 0.221716
827 -0.827806 51.1222 0.236765
828 -0.920739 51.0293 0.195836
829 -0.689296 51.2607 0.278373
830 -0.853702 51.0963 0.241102
831 -1.10774 50.8423 0.196023
832 -0.950042 51 0.221544
833 -0.965468 50.9845 0.300663
834 -0.842828 51.1072 0.234405
835 -0.793195 51.1568 0.238313
836 -0.81311 51.1369 0.24349
837 -0.822654 51.1273 0.240427
838 -0.845424 51.1046 0.275876
839 -0.840993 51.109 0.23142
840 -0.896186 51.0538 0.194634
841 -0.822853 51.1271 0.234874
842 -0.93123 51.0188 0.300264
843 -0.759297 51.1907 0.230371
844 -0.555718 51.3943 1.23871
845 -0.817245 51.1328 0.250292
846 -0.907138 51.0429 0.209817
847 -0.676286 51.2737 0.280672
848 -0.667586 51.2824 0.293446
849 -0.595283 51.3547 0.253077
850 -0.560252 51.3897 0.2051
851 -0.814455 51.1355 0.156325
852 1.02652 52.9765 1.46307
853 -0.846968 51.103 0.23423
854 -0.888874 51.0611 0.243244
855 -0.920879 51.0291 0.203842
856 -0.847679 51.1023 0.209574
857 -0.897245 51.0528 0.212447
858 -0.818096 51.1319 0.250655
859 -0.94838 51.0016 0.213737
860 -0.937929 51.0121 0.196582
861 -0.911911 51.0381 0.200499
862 -0.931379 51.0186 0.228201
863 -0.967899 50.9821 0.249673
864 -1.13779 50.8122 0.223929
865 -0.904667 51.0453 0.194378
866 -1.14583 50.8042 0.170015
867 -0.733774 51.2162 0.19482
868 -0.834257 51.1157 0.252913
869 -0.799323 51.1507 0.228495
870 -0.909169 51.0408 0.231233
871 -0.873775 51.0762 0.315431
872 -0.968907 50.9811 0.256227
873 -0.809892 51.1401 0.282024
874 -0.930882 51.0191 0.196901
875 -0.771492 51.1785 0.250344
876 -0.787247 51.1628 0.271729
877 -1.00565 50.9443 0.247203
878 -0.854154 51.0958 0.281965
879 -0.923443 51.0266 0.22727
880 -0.923034 51.027 0.199867
881 -0.963572 50.9864 0.269653
882 -1.02178 50.9282 0.260825
883 -0.911284 51.0387 0.18092
884 -0.90253 51.0475 0.20769
885 -0.856922 51.0931 0.244184
886 -1.04446 50.9055 0.247365
887 -1.05915 50.8909 0.274612
888 -0.955794 50.9942 0.297216
889 -0.831355 51.1186 0.255303
890 -0.828517 51.1215 0.189126
891 -0.961923 50.9881 0.222757
892 -0.927322 51.0227 0.216958
893 -1.08615 50.8638 0.216131
894 -1.1258 50.8242 0.268386
895 -0.857886 51.0921 0.174368
896 -0.898256 51.0517 0.185774
897 -0.766324 51.1837 0.212431
898 -1.10883 50.8412 0.0952234
899 -0.693874 51.2561 0.598667
900 -0.909643 51.0404 0.336055
901 -15.907 36.043 6.7435e-07
902 0 0 0
903 0 0 0
904 0 0 0
905 -1.02579 50.9242 0.233546
906 3.01968 54.9697 0.649267
907 -0.742205 51.2078 0.254628
908 -0.922674 51.0273 0.213731
909 -0.86015 51.0898 0.267958
910 -0.930111 51.0199 0.212918
911 -0.897328 51.0527 0.262055
912 -0.631529 51.3185 0.254342
913 -0.831012 51.119 0.266588
914 -0.901674 51.0483 0.252476
915 -0.791753 51.1582 0.238252
916 -0.98184 50.9682 0.259857
917 -0.836774 51.1132 0.254147
918 -0.993017 50.957 0.268781
919 -0.639116 51.3109 0.266165
920 -0.79811 51.1519 0.2777
921 1.32841 53.2784 0.298507
922 1.3537 53.3037 0.275007
923 -0.648702 51.3013 0.232782
924 -0.906043 51.044 0.18303
925 -0.856731 51.0933 0.260896
926 -0.943702 51.0063 0.23177
927 -0.943307 51.0067 0.239565
928 -0.900546 51.0495 0.236203
929 -0.817787 51.1322 0.248523
930 -1.14466 50.8053 0.245096
931 -0.935571 51.0144 0.232494
932 1.47864 53.4286 0.255957
933 -0.818092 51.1319 0.237622
934 -0.831815 51.1182 0.226476
935 -0.827063 51.1229 0.25056
936 -0.937131 51.0129 0.255422
937 -0.867269 51.0827 0.240229
938 -0.647016 51.303 0.273706
939 -0.71535 51.2347 0.2731
940 -0.846442 51.1036 0.245971
941 -0.920537 51.0295 0.269134
942 -0.583221 51.3668 0.225436
943 -0.65012 51.2999 0.196798
944 -0.569986 51.38 0.244124
945 -0.861435 51.0886 0.223288
946 -0.618069 51.3319 0.243131
947 -0.706935 51.2431 0.296629
948 -0.733063 51.2169 0.240282
949 -0.670471 51.2795 0.173596
950 -0.749623 51.2004 0.361897
951 -0.526 51.424 0.394927
952 -0.761874 51.1881 0.272739
953 -0.739941 51.2101 0.338883
954 -0.91248 51.0375 0.0996627
955 -0.792119 51.1579 0.183898
956 -1.00464 50.9454 0.202687
957 -0.856264 51.0937 0.182346
958 -0.700666 51.2493 0.212214
959 -0.946527 51.0035 0.192441
960 -0.745053 51.2049 0.18554
961 -0.801919 51.1481 0.282715
962 -0.681415 51.2686 0.258431
963 -0.69456 51.2554 0.257653
964 -0.739875 51.2101 0.198939
965 -0.960014 50.99 0.263969
966 -0.735791 51.2142 0.188231
967 -0.849088 51.1009 0.247363
968 -0.938697 51.0113 0.223297
969 -0.916102 51.0339 0.213559
970 -0.818795 51.1312 0.178767
971 -0.821617 51.1284 0.274035
972 -0.933628 51.0164 0.238371
973 -0.834199 51.1158 0.240569
974 -0.914239 51.0358 0.221879
975 -0.836912 51.1131 0.20432
976 -1.0465 50.9035 0.219553
977 -0.757483 51.1925 0.22196
978 -0.795176 51.1548 0.171729
979 -0.947101 51.0029 0.239187
980 -0.935103 51.0149 0.207292
981 -0.979933 50.9701 0.262956
982 -0.935814 51.0142 0.203626
983 -0.998665 50.9513 0.233682
984 -1.06834 50.8817 0.215111
985 -0.760222 51.1898 0.201706
986 -1.08492 50.8651 0.200602
987 -0.679728 51.2703 0.232715
988 -0.944993 51.005 0.222142
989 -0.8985 51.0515 0.192666
990 -0.939494 51.0105 0.230914
991 -0.798441 51.1516 0.189723
992 -0.824726 51.1253 0.263913
993 -0.732244 51.2178 0.201292
994 -0.935596 51.0144 0.217072
995 -0.970276 50.9797 0.220547
996 -0.878812 51.0712 0.260294
997 -0.931875 51.0181 0.214972
998 -0.901815 51.0482 0.0985145
999 -3.27786 48.6721 0.285725
1000 -1.10429 50.8457 0.384632
1001 -15.907 36.043 6.7435e-07
1002 0 0 0
1003 0 0 0
1004 0 0 0
1005 -0.904447 51.0456 0.0990964
1006 -0.957844 50.9922 0.310636
1007 -0.883499 51.0665 0.265918
1008 -0.718246 51.2318 0.213455
1009 -0.684934 51.2651 0.283922
1010 -0.953364 50.9966 0.22507
1011 -0.613193 51.3368 0.202828
1012 -1.0123 50.9377 0.274829
1013 -0.879119 51.0709 0.240486
1014 -0.92296 51.027 0.288808
1015 -0.844114 51.1059 0.198395
1016 -0.913884 51.0361 0.212756
1017 -0.851853 51.0981 0.214687
1018 -1.02304 50.927 0.187894
1019 -0.949035 51.001 0.216316
1020 -0.936926 51.0131 0.241356
1021 -0.92072 51.0293 0.208717
1022 -1.12334 50.8267 0.231916
1023 -0.879175 51.0708 0.275781
1024 -0.589146 51.3609 0.217973
1025 -0.868083 51.0819 0.192668
1026 -0.990923 50.9591 0.254752
1027 -0.905236 51.0448 0.217014
1028 -0.737696 51.2123 0.315235
1029 -0.872664 51.0773 0.20224
1030 -0.920561 51.0294 0.237909
1031 -0.955916 50.9941 0.211922
1032 -1.11063 50.8394 0.259149
1033 -0.699702 51.2503 0.316726
1034 -0.800236 51.1498 0.267348
1035 -0.5375 51.4125 0.221648
1036 -0.783657 51.1663 0.278746
1037 -0.682369 51.2676 0.247829
1038 -0.925352 51.0246 0.195331
1039 -0.880424 51.0696 0.216
1040 -0.852809 51.0972 0.271369
1041 -0.743072 51.2069 0.231338
1042 -0.642906 51.3071 0.190128
1043 -0.662395 51.2876 0.324887
1044 -0.624497 51.3255 0.254316
1045 -0.635197 51.3148 0.187181
1046 -0.939327 51.0107 0.278258
1047 -0.349481 51.6005 0.508552
1048 -0.744263 51.2057 0.0968184
1049 -0.429196 51.5208 0.215643
1050 -0.399389 51.5506 0.238161
1051 -1.08902 50.861 0.483828
1052 -0.82 51.13 0.226666
1053 -0.705603 51.2444 0.281822
1054 -0.878752 51.0712 0.222887
1055 -0.649419 51.3006 0.197554
1056 -0.877473 51.0725 0.235483
1057 -0.902086 51.0479 0.0985784
1058 -0.919702 51.0303 0.238952
1059 -0.659891 51.2901 0.257037
1060 -0.614134 51.3359 0.188357
1061 -0.775219 51.1748 0.187069
1062 -0.739069 51.2109 0.247608
1063 -0.855639 51.0944 0.23052
1064 -1.27715 50.6728 0.223631
1065 -0.829452 51.1205 0.282518
1066 -0.857506 51.0925 0.163952
1067 -1.02654 50.9235 0.29151
1068 -0.868785 51.0812 0.243757
1069 -0.767547 51.1825 0.219021
1070 -0.865336 51.0847 0.211021
1071 -0.764083 51.1859 0.322234
1072 -0.948351 51.0016 0.220391
1073 -0.928697 51.0213 0.262378
1074 -1.37042 50.5796 0.27834
1075 -0.875975 51.074 0.213766
1076 -0.993182 50.9568 0.206085
1077 -0.864423 51.0856 0.250461
1078 -1.02645 50.9235 0.177036
1079 -1.01361 50.9364 0.185084
1080 -0.993884 50.9561 0.202061
1081 -0.915647 51.0344 0.2213
1082 -0.935042 51.015 0.174082
1083 -1.00853 50.9415 0.167323
1084 -0.869793 51.0802 0.187995
1085 -0.887494 51.0625 0.213768
1086 -0.90436 51.0456 0.196919
1087 -0.821373 51.1286 0.188127
1088 -1.03694 50.9131 0.279948
1089 -0.832759 51.1172 0.175624
1090 -0.912648 51.0374 0.196106
1091 -0.86539 51.0846 0.181558
1092 -1.01581 50.9342 0.198063
1093 -1.0579 50.8921 0.206877
1094 -0.874932 51.0751 0.308456
1095 -0.978197 50.9718 0.261925
1096 -0.847374 51.1026 0.190327
1097 -0.940442 51.0096 0.2548
1098 -1.10451 50.8455 0.0967379
1099 -0.800932 51.1491 0.19753
1100 -0.82 51.13 0.358105
1101 0 0 0
1102 0 0 0
1103 0 0 0
1104 0 0 0
1105 -0.911939 51.0381 0.0997499
1106 -0.871518 51.0785 0.227443
1107 -0.881127 51.0689 0.292494
1108 -0.898216 51.0518 0.289728
1109 -0.86865 51.0813 0.218195
1110 -0.634897 51.3151 0.252242
1111 -0.907343 51.0427 0.266671
1112 -0.90544 51.0446 0.269698
1113 -0.750922 51.1991 0.300679
1114 -0.866565 51.0834 0.263647
1115 -0.718408 51.2316 0.377093
1116 -0.809067 51.1409 0.221058
1117 -0.968104 50.9819 0.248554
1118 -0.889753 51.0602 0.256184
1119 -0.726939 51.2231 0.220439
1120 -0.843306 51.1067 0.259831
1121 -0.724999 51.225 0.31045
1122 -0.717162 51.2328 0.238867
1123 -0.884094 51.0659 0.320039
1124 -0.890166 51.0598 0.267801
1125 -0.839567 51.1104 0.268178
1126 -0.994483 50.9555 0.181248
1127 -0.86021 51.0898 0.332914
1128 -0.915999 51.034 0.216536
1129 -1.02622 50.9238 0.274742
1130 -0.766241 51.1838 0.217277
1131 -0.971696 50.9783 0.231145
1132 -0.93903 51.011 0.24589
1133 -0.87757 51.0724 0.228031
1134 -0.768261 51.1817 0.230044
1135 -0.711805 51.2382 0.21407
1136 -1.00409 50.9459 0.191228
1137 -0.753055 51.1969 0.236147
1138 -0.995166 50.9548 0.148692
1139 -0.786605 51.1634 0.234848
1140 -0.848633 51.1014 0.161001
1141 -0.731912 51.2181 0.249425
1142 -0.632563 51.3174 0.184679
1143 -0.652918 51.2971 0.238447
1144 -0.82 51.13 0.281408
1145 -0.615872 51.3341 0.372945
1146 -0.618151 51.3318 0.230671
1147 -0.726664 51.2233 0.0995168
1148 -0.624893 51.3251 0.161263
1149 -0.595602 51.3544 0.299965
1150 -0.544088 51.4059 0.262546
1151 -0.883245 51.0668 0.0918004
1152 -0.911675 51.0383 0.099791
1153 -0.91 51.04 0.100031
1154 -0.893116 51.0569 0.26626
1155 -0.839188 51.1108 0.214216
1156 -0.679053 51.2709 0.205228
1157 -0.820019 51.13 0.367985
1158 -0.93661 51.0134 0.233411
1159 -0.774165 51.1758 0.221544
1160 -0.822532 51.1275 0.173537
1161 -0.795056 51.1549 0.241562
1162 -1.19425 50.7557 0.215196
1163 -0.772605 51.1774 0.25881
1164 -1.08477 50.8652 0.269948
1165 -0.926743 51.0233 0.235364
1166 -0.919859 51.0301 0.0980969
1167 -0.901941 51.0481 0.241216
1168 -0.919293 51.0307 0.265703
1169 -0.847964 51.102 0.230222
1170 -1.07061 50.8794 0.205696
1171 -0.804166 51.1458 0.212954
1172 -0.77743 51.1726 0.233825
1173 -0.676629 51.2734 0.207626
1174 -0.863904 51.0861 0.213338
1175 -0.981331 50.9687 0.181382
1176 -0.913257 51.0367 0.0995305
1177 -0.911246 51.0388 0.239653
1178 -0.937431 51.0126 0.225035
1179 -0.794365 51.1556 0.192381
1180 -0.799224 51.1508 0.198183
1181 -0.852633 51.0974 0.188328
1182 -0.949238 51.0008 0.249372
1183 -0.975747 50.9743 0.187044
1184 -0.861883 51.0881 0.252203
1185 -0.808014 51.142 0.164031
1186 -0.932089 51.0179 0.228436
1187 -0.595357 51.3546 0.253232
1188 -0.949123 51.0009 0.255431
1189 -1.19004 50.76 0.457071
1190 -0.920884 51.0291 0.190316
1191 -0.812718 51.1373 0.191619
1192 -0.763811 51.1862 0.258262
1193 -1.01991 50.9301 0.162677
1194 -0.822315 51.1277 0.227846
1195 -0.921499 51.0285 0.0976522
1196 -1.06508 50.8849 0.249614
1197 -0.541411 51.4086 0.0984169
1198 -0.716591 51.2334 0.0970776
1199 -0.716571 51.2334 0.276865
1200 -0.822545 51.1275 0.204564
1201 0 0 0
1202 0 0 0
1203 0 0 0
1204 0 0 0
1205 -1.00016 50.9498 0.249746
1206 -1.00328 50.9467 0.247921
1207 -0.779954 51.17 0.272016
1208 -1.0355 50.9145 0.252255
1209 -0.76939 51.1806 0.2061
1210 -0.490829 51.4592 0.280707
1211 -0.550673 51.3993 0.25244
1212 -0.968035 50.982 0.206522
1213 -0.908626 51.0414 0.207116
1214 -0.850564 51.0994 0.208997
1215 -0.602016 51.348 0.210666
1216 -0.707593 51.2424 0.20694
1217 -0.706445 51.2436 0.26534
1218 -0.844756 51.1052 0.408925
1219 -0.724068 51.2259 0.236566
1220 -0.745913 51.2041 0.227114
1221 -0.522939 51.4271 0.268085
1222 -1.11843 50.8316 0.243348
1223 -0.701801 51.2482 0.226456
1224 -0.60309 51.3469 0.170502
1225 -0.91986 51.0301 0.240046
1226 -0.878057 51.0719 0.239856
1227 -0.803685 51.1463 0.184851
1228 -1.01767 50.9323 0.173077
1229 -0.803279 51.1467 0.283258
1230 -0.792042 51.158 0.174971
1231 -0.71888 51.2311 0.29341
1232 -0.665697 51.2843 0.388523
1233 -0.494121 51.4559 0.622745
1234 -0.629294 51.3207 0.303757
1235 -0.785114 51.1649 0.261352
1236 -0.598744 51.3513 0.257929
1237 -0.554397 51.3956 0.36854
1238 -0.663529 51.2865 0.180652
1239 -0.80097 51.149 0.215904
1240 -0.701977 51.248 0.26328
1241 -0.647735 51.3023 0.180648
1242 -0.851013 51.099 0.26891
1243 -0.543827 51.4062 0.223091
1244 -0.759768 51.1902 0.240423
1245 -0.674314 51.2757 0.205317
1246 -0.578324 51.3717 0.397424
1247 -0.586427 51.3636 0.367153
1248 -0.621326 51.3287 0.233065
1249 -0.462743 51.4873 0.215035
1250 -0.435313 51.5147 0.28783
1251 -0.750437 51.1996 0.0945946
1252 -0.746165 51.2038 0.0961872
1253 0.0466673 51.9967 1.47115
1254 -0.884381 51.0656 0.092341
1255 -0.54731 51.4027 0.0996278
1256 -0.669411 51.2806 0.20507
1257 -0.856967 51.093 0.395098
1258 -0.77563 51.1744 0.204718
1259 -0.751347 51.1987 0.254822
1260 -0.722012 51.228 0.226199
1261 -0.745115 51.2049 0.0965416
1262 -0.867369 51.0826 0.263828
1263 -0.568304 51.3817 0.252217
1264 -0.565335 51.3847 0.428221
1265 -0.794324 51.1557 0.308229
1266 -0.769732 51.1803 0.228355
1267 -0.790662 51.1593 0.22263
1268 -0.925797 51.0242 0.251192
1269 -0.651493 51.2985 0.140219
1270 -0.909983 51.04 0.248555
1271 0.179297 52.1293 1.01155
1272 -0.909813 51.0402 0.315517
1273 -0.823422 51.1266 0.290446
1274 -0.631132 51.3189 0.217672
1275 -0.930772 51.0192 0.27284
1276 -0.876128 51.0739 0.207205
1277 -0.147057 51.8029 0.586935
1278 -0.796179 51.1538 0.289523
1279 -0.724678 51.2253 0.222375
1280 -0.990699 50.9593 0.168618
1281 -0.758679 51.1913 0.224803
1282 -0.699474 51.2505 0.219939
1283 -0.742474 51.2075 0.356453
1284 -0.983826 50.9662 0.271863
1285 -0.725613 51.2244 0.0993254
1286 -0.860724 51.0893 0.290846
1287 -0.745275 51.2047 0.215705
1288 -0.743396 51.2066 0.277332
1289 -0.749983 51.2 0.270806
1290 -0.908501 51.0415 0.204568
1291 -1.09008 50.8599 0.264228
1292 -0.779704 51.1703 0.193151
1293 -0.82861 51.1214 0.182286
1294 -0.808522 51.1415 0.198134
1295 -0.673455 51.2765 0.194428
1296 -0.859627 51.0904 0.176418
1297 -0.737968 51.212 0.0985658
1298 -0.911118 51.0389 0.0998748
1299 -0.650117 51.2999 0.396731
1300 -0.855773 51.0942 0.255862
