1 -8.14226 -8.14226 1.44807
2 -7.80468 -7.80468 0.353845
3 -8.34766 -8.34766 0.442816
4 -7.95492 -7.95492 0.662455
5 -8.24701 -8.24701 0.487779
6 -9.43929 -9.43929 3.03387
7 -8.91638 -8.91638 1.08474
8 -8.61418 -8.61418 0.518755
9 -8.22124 -8.22124 0.612632
10 -8.4399 -8.4399 0.518748
11 -8.30391 -8.30391 0.548543
12 -8.56312 -8.56312 0.486532
13 -8.41232 -8.41232 0.605835
14 -8.26831 -8.26831 0.453869
15 -8.3762 -8.3762 0.634839
16 -8.30913 -8.30913 0.361298
17 -8.20755 -8.20755 0.432521
18 -8.55153 -8.55153 0.506244
19 -8.39337 -8.39337 0.576782
20 -8.32375 -8.32375 0.539152
21 -8.35703 -8.35703 0.428838
22 -8.24317 -8.24317 0.521323
23 -8.38673 -8.38673 0.53997
24 -8.27641 -8.27641 0.389666
25 -8.34509 -8.34509 0.457247
26 -8.22447 -8.22447 0.423333
27 -8.1148 -8.1148 0.693199
28 -8.36838 -8.36838 0.443891
29 -8.37632 -8.37632 0.466912
30 -8.36329 -8.36329 0.450686
31 -8.2802 -8.2802 0.462396
32 -8.45627 -8.45627 0.56646
33 -8.4526 -8.4526 0.445343
34 -8.61342 -8.61342 0.743911
35 -8.4838 -8.4838 0.834103
36 -8.43783 -8.43783 0.615609
37 -8.26428 -8.26428 0.528759
38 -8.16204 -8.16204 0.594161
39 -11.0248 -11.0248 2.97219
40 -8.442 -8.442 0.569811
41 -8.24043 -8.24043 0.490713
42 -8.09633 -8.09633 0.388727
43 -8.36825 -8.36825 0.528651
44 -8.28758 -8.28758 0.525641
45 -8.23356 -8.23356 0.479583
46 -8.41725 -8.41725 0.607175
47 -8.15881 -8.15881 0.73192
48 -8.32792 -8.32792 0.446298
49 -8.26074 -8.26074 0.614796
50 -7.98982 -7.98982 0.40315
51 -8.73816 -8.73816 0.393595
52 -8.67488 -8.67488 0.415945
53 -8.54986 -8.54986 0.754782
54 -8.7934 -8.7934 0.715284
55 -8.71294 -8.71294 0.392252
56 -8.84366 -8.84366 0.480992
57 -8.25809 -8.25809 0.55144
58 -8.56383 -8.56383 0.513695
59 -8.33454 -8.33454 0.432118
60 -8.37853 -8.37853 0.478202
61 -8.4599 -8.4599 0.5266
62 -8.57086 -8.57086 0.510269
63 -8.47504 -8.47504 0.415386
64 -8.50273 -8.50273 0.431056
65 -8.37034 -8.37034 0.464953
66 -8.53493 -8.53493 0.747873
67 -8.43566 -8.43566 0.464157
68 -8.32081 -8.32081 0.434206
69 -8.16388 -8.16388 1.18931
70 -8.41478 -8.41478 0.526761
71 -8.66265 -8.66265 0.411299
72 -8.21203 -8.21203 0.680413
73 -8.54575 -8.54575 0.426436
74 -8.34809 -8.34809 0.390281
75 -8.52885 -8.52885 0.357987
76 -8.40186 -8.40186 0.357108
77 -8.4431 -8.4431 0.492922
78 -8.67988 -8.67988 0.560967
79 -8.34214 -8.34214 0.378386
80 -8.69121 -8.69121 0.439345
81 -8.40093 -8.40093 0.632395
82 -8.51181 -8.51181 0.293714
83 -8.38958 -8.38958 0.450881
84 -8.3891 -8.3891 0.501014
85 -8.19036 -8.19036 0.308055
86 -8.48445 -8.48445 0.396532
87 -8.3409 -8.3409 0.431422
88 -8.33684 -8.33684 0.349994
89 -8.29876 -8.29876 0.404636
90 -8.29954 -8.29954 0.405671
91 -8.34342 -8.34342 0.331636
92 -8.42317 -8.42317 0.449758
93 -8.55884 -8.55884 0.526379
94 -8.31186 -8.31186 0.621737
95 -8.4131 -8.4131 0.421774
96 -8.51835 -8.51835 0.797267
97 -8.324 -8.324 0.598721
98 -10.433 -10.433 2.97632
99 -8.82914 -8.82914 0.469539
100 -8.64268 -8.64268 0.576997
101 -7.89452 -7.89452 0.620854
102 -7.96487 -7.96487 0.353886
103 -7.6278 -7.6278 0.360039
104 -7.57311 -7.57311 0.433709
105 -7.6241 -7.6241 0.42334
106 -8.11631 -8.11631 0.315829
107 -8.1066 -8.1066 0.292314
108 -8.20504 -8.20504 0.225767
109 -8.19758 -8.19758 0.297832
110 -8.39896 -8.39896 0.248503
111 -8.08461 -8.08461 0.226912
112 -8.31373 -8.31373 0.249157
113 -8.16085 -8.16085 0.25347
114 -8.2156 -8.2156 0.263649
115 -8.13645 -8.13645 0.265022
116 -8.16321 -8.16321 0.259817
117 -8.25702 -8.25702 0.264135
118 -8.22387 -8.22387 0.321569
119 -8.55446 -8.55446 0.286278
120 -8.35275 -8.35275 0.303611
121 -8.29494 -8.29494 0.276525
122 -8.48947 -8.48947 0.284564
123 -8.34343 -8.34343 0.274208
124 -8.19214 -8.19214 0.274482
125 -8.26043 -8.26043 0.318465
126 -8.36816 -8.36816 0.328252
127 -8.31328 -8.31328 0.299492
128 -8.48358 -8.48358 0.243996
129 -8.24953 -8.24953 0.264459
130 -8.29322 -8.29322 0.240119
131 -8.17906 -8.17906 0.300365
132 -8.33025 -8.33025 0.361203
133 -8.28394 -8.28394 0.303011
134 -8.34632 -8.34632 0.306531
135 -8.28053 -8.28053 0.257603
136 -8.28552 -8.28552 0.314123
137 -8.20828 -8.20828 0.298755
138 -8.55203 -8.55203 0.308311
139 -8.2126 -8.2126 0.221123
140 -8.28224 -8.28224 0.256808
141 -8.21796 -8.21796 0.294909
142 -8.27222 -8.27222 0.337776
143 -8.36038 -8.36038 0.268672
144 -8.1466 -8.1466 0.316317
145 -8.22326 -8.22326 0.289402
146 -8.19988 -8.19988 0.277902
147 -8.09077 -8.09077 0.258307
148 -8.11952 -8.11952 0.263584
149 -8.15687 -8.15687 0.251991
150 -8.00847 -8.00847 0.289348
151 -8.2781 -8.2781 0.385739
152 -8.46871 -8.46871 0.314878
153 -8.3704 -8.3704 0.289805
154 -8.43653 -8.43653 0.279107
155 -8.17188 -8.17188 0.233688
156 -8.58848 -8.58848 0.225339
157 -8.12911 -8.12911 0.261243
158 -8.33508 -8.33508 0.257213
159 -8.33004 -8.33004 0.303118
160 -8.32476 -8.32476 0.272079
161 -8.39178 -8.39178 0.312684
162 -8.20872 -8.20872 0.294482
163 -8.26719 -8.26719 0.303045
164 -8.14379 -8.14379 0.27411
165 -8.36448 -8.36448 0.724456
166 -8.1721 -8.1721 0.271436
167 -8.11255 -8.11255 0.313423
168 -8.48526 -8.48526 0.269458
169 -8.25013 -8.25013 0.300606
170 -8.3959 -8.3959 0.27061
171 -8.46096 -8.46096 0.363178
172 -8.16557 -8.16557 0.286114
173 -8.2423 -8.2423 0.285673
174 -8.52354 -8.52354 0.284517
175 -8.27108 -8.27108 0.239809
176 -8.47932 -8.47932 0.277612
177 -8.19956 -8.19956 0.267696
178 -8.51173 -8.51173 0.242256
179 -8.14181 -8.14181 0.25538
180 -8.20315 -8.20315 0.267407
181 -8.32102 -8.32102 0.305943
182 -8.3887 -8.3887 0.26509
183 -8.19535 -8.19535 0.262381
184 -8.40018 -8.40018 0.230217
185 -8.32709 -8.32709 0.314353
186 -8.38788 -8.38788 0.246641
187 -8.32203 -8.32203 0.26969
188 -8.2166 -8.2166 0.280459
189 -8.0802 -8.0802 0.307152
190 -8.23145 -8.23145 0.2667
191 -8.30989 -8.30989 0.264737
192 -8.51412 -8.51412 0.234318
193 -8.3274 -8.3274 0.216654
194 -8.5416 -8.5416 0.374056
195 -8.28926 -8.28926 0.296649
196 -8.48421 -8.48421 0.215839
197 -8.43229 -8.43229 0.255236
198 -8.35761 -8.35761 0.255869
199 -8.21536 -8.21536 0.374933
200 -8.27849 -8.27849 0.323215
201 -8.01247 -8.01247 0.510169
202 -7.69543 -7.69543 0.774694
203 -7.60225 -7.60225 0.39673
204 -7.60995 -7.60995 0.432381
205 -7.75632 -7.75632 0.547472
206 -8.41674 -8.41674 0.3109
207 -8.37504 -8.37504 0.273185
208 -8.33457 -8.33457 0.271685
209 -8.28974 -8.28974 0.196264
210 -8.33394 -8.33394 0.241495
211 -7.97782 -7.97782 0.263539
212 -8.18784 -8.18784 0.29173
213 -8.21968 -8.21968 0.245001
214 -8.27288 -8.27288 0.255574
215 -7.96779 -7.96779 0.297233
216 -8.25119 -8.25119 0.234047
217 -8.17265 -8.17265 0.304349
218 -8.32588 -8.32588 0.278478
219 -8.39892 -8.39892 0.22066
220 -8.36759 -8.36759 0.296812
221 -8.33368 -8.33368 0.25261
222 -8.39915 -8.39915 0.351972
223 -8.17708 -8.17708 0.288393
224 -8.25819 -8.25819 0.265224
225 -8.35815 -8.35815 0.249215
226 -8.26599 -8.26599 0.256444
227 -8.37851 -8.37851 0.284479
228 -8.24924 -8.24924 0.247042
229 -8.21489 -8.21489 0.272003
230 -8.4778 -8.4778 0.273832
231 -8.2564 -8.2564 0.259616
232 -8.30687 -8.30687 0.321925
233 -8.3466 -8.3466 0.290278
234 -8.24765 -8.24765 0.293265
235 -8.11756 -8.11756 0.239611
236 -8.33682 -8.33682 0.305067
237 -8.26047 -8.26047 0.300368
238 -8.35322 -8.35322 0.309991
239 -8.26713 -8.26713 0.251809
240 -8.03691 -8.03691 0.26705
241 -8.13102 -8.13102 0.276947
242 -8.28576 -8.28576 0.245337
243 -8.22186 -8.22186 0.278776
244 -8.40606 -8.40606 0.273528
245 -8.18835 -8.18835 0.258435
246 -8.1767 -8.1767 0.2836
247 -8.21975 -8.21975 0.234276
248 -8.26223 -8.26223 0.273956
249 -8.1119 -8.1119 0.319286
250 -8.00017 -8.00017 0.26249
251 -8.35046 -8.35046 0.293198
252 -8.26236 -8.26236 0.310527
253 -8.26425 -8.26425 0.301078
254 -8.37872 -8.37872 0.290022
255 -8.19988 -8.19988 0.288536
256 -8.36872 -8.36872 0.23965
257 -8.40789 -8.40789 0.24294
258 -8.38073 -8.38073 0.286187
259 -8.0996 -8.0996 0.33209
260 -8.44882 -8.44882 0.220462
261 -8.00273 -8.00273 0.269777
262 -8.17747 -8.17747 0.25671
263 -8.38879 -8.38879 0.267307
264 -8.41018 -8.41018 0.313873
265 -8.31295 -8.31295 0.244503
266 -8.39827 -8.39827 0.272867
267 -8.26917 -8.26917 0.363942
268 -8.40351 -8.40351 0.289044
269 -8.33619 -8.33619 0.295296
270 -8.31954 -8.31954 0.325169
271 -8.36497 -8.36497 0.299948
272 -8.28944 -8.28944 0.323893
273 -8.10713 -8.10713 0.279237
274 -8.56566 -8.56566 0.234635
275 -8.49058 -8.49058 0.251793
276 -8.31222 -8.31222 0.277347
277 -8.34976 -8.34976 0.249406
278 -8.33656 -8.33656 0.356253
279 -8.31002 -8.31002 0.240087
280 -8.57519 -8.57519 0.272061
281 -8.4817 -8.4817 0.218615
282 -8.25154 -8.25154 0.300992
283 -8.52028 -8.52028 0.294857
284 -8.50138 -8.50138 0.251189
285 -8.28091 -8.28091 0.227085
286 -8.38869 -8.38869 0.243739
287 -8.18446 -8.18446 0.286233
288 -8.40173 -8.40173 0.27274
289 -8.45054 -8.45054 0.247326
290 -8.06221 -8.06221 0.243235
291 -8.31819 -8.31819 0.255456
292 -8.28939 -8.28939 0.268805
293 -8.37872 -8.37872 0.298067
294 -8.21126 -8.21126 0.307683
295 -8.27081 -8.27081 0.288978
296 -8.28835 -8.28835 0.294944
297 -8.2492 -8.2492 0.249554
298 -8.36627 -8.36627 0.318611
299 -8.25477 -8.25477 0.277006
300 -8.30593 -8.30593 0.657037
301 -7.83417 -7.83417 0.348491
302 -7.94726 -7.94726 0.435409
303 -7.91129 -7.91129 0.37524
304 -7.58133 -7.58133 0.374812
305 -7.95004 -7.95004 0.510604
306 -8.1592 -8.1592 0.283586
307 -8.23411 -8.23411 0.230832
308 -8.41893 -8.41893 0.26973
309 -8.35269 -8.35269 0.237844
310 -8.41542 -8.41542 0.240487
311 -8.27386 -8.27386 0.248361
312 -8.20399 -8.20399 0.261661
313 -8.27536 -8.27536 0.250655
314 -8.34251 -8.34251 0.244824
315 -8.28897 -8.28897 0.287746
316 -8.30606 -8.30606 0.307268
317 -8.27148 -8.27148 0.267307
318 -8.61195 -8.61195 0.267365
319 -8.34966 -8.34966 0.252017
320 -8.36464 -8.36464 0.287162
321 -8.33339 -8.33339 0.29226
322 -8.81464 -8.81464 0.237214
323 -8.53685 -8.53685 0.282265
324 -8.42383 -8.42383 0.327695
325 -8.23411 -8.23411 0.312266
326 -8.589 -8.589 0.219367
327 -8.19733 -8.19733 0.249251
328 -8.28939 -8.28939 0.239855
329 -8.09131 -8.09131 0.233444
330 -8.50105 -8.50105 0.230507
331 -8.30537 -8.30537 0.235013
332 -8.49248 -8.49248 0.280306
333 -8.37191 -8.37191 0.294948
334 -8.43883 -8.43883 0.260956
335 -8.08215 -8.08215 0.272928
336 -8.30735 -8.30735 0.295825
337 -8.09275 -8.09275 0.28354
338 -8.23939 -8.23939 0.226993
339 -8.26129 -8.26129 0.235654
340 -8.23646 -8.23646 0.250196
341 -8.14 -8.14 0.233266
342 -8.14753 -8.14753 0.248416
343 -8.00204 -8.00204 0.260367
344 -8.41691 -8.41691 0.290637
345 -7.9835 -7.9835 0.31827
346 -7.90021 -7.90021 0.278858
347 -8.13821 -8.13821 0.248147
348 -8.14571 -8.14571 0.231058
349 -8.03088 -8.03088 0.317494
350 -7.87728 -7.87728 0.281557
351 -8.31761 -8.31761 0.328472
352 -8.49398 -8.49398 0.372817
353 -8.3748 -8.3748 0.305276
354 -8.65625 -8.65625 0.244857
355 -8.30942 -8.30942 0.319769
356 -8.32465 -8.32465 0.30507
357 -8.24615 -8.24615 0.269223
358 -8.25867 -8.25867 0.32349
359 -8.38011 -8.38011 0.294186
360 -8.25708 -8.25708 0.241923
361 -8.10069 -8.10069 0.284409
362 -8.19231 -8.19231 0.334833
363 -8.36526 -8.36526 0.31336
364 -8.53938 -8.53938 0.242144
365 -8.32778 -8.32778 0.274783
366 -8.53204 -8.53204 0.298309
367 -8.15231 -8.15231 0.315597
368 -8.64948 -8.64948 0.273628
369 -8.31802 -8.31802 0.302707
370 -8.35888 -8.35888 0.231116
371 -8.22732 -8.22732 0.331453
372 -8.56654 -8.56654 0.239198
373 -8.3102 -8.3102 0.286709
374 -8.12873 -8.12873 0.314913
375 -8.3582 -8.3582 0.234918
376 -8.48531 -8.48531 0.258898
377 -8.0897 -8.0897 0.317273
378 -8.36663 -8.36663 0.261249
379 -8.34915 -8.34915 0.27203
380 -8.4296 -8.4296 0.260863
381 -8.35928 -8.35928 0.248868
382 -8.3984 -8.3984 0.276398
383 -8.51729 -8.51729 0.287481
384 -8.53384 -8.53384 0.244421
385 -8.45352 -8.45352 0.226813
386 -8.46692 -8.46692 0.272322
387 -8.27832 -8.27832 0.241231
388 -8.18081 -8.18081 0.26577
389 -8.39659 -8.39659 0.273323
390 -8.25 -8.25 0.284851
391 -8.31676 -8.31676 0.272219
392 -8.40199 -8.40199 0.269871
393 -8.06366 -8.06366 0.251868
394 -8.26172 -8.26172 0.271452
395 -8.33347 -8.33347 0.253955
396 -8.41953 -8.41953 0.328782
397 -8.35861 -8.35861 0.306882
398 -8.27314 -8.27314 0.320328
399 -8.36707 -8.36707 0.298089
400 -8.2064 -8.2064 0.328946
401 -7.75175 -7.75175 0.401202
402 -7.61131 -7.61131 0.397301
403 -7.85921 -7.85921 0.288296
404 -7.56749 -7.56749 0.358132
405 -8.05764 -8.05764 0.474675
406 -8.11423 -8.11423 0.236926
407 -8.3 -8.3 0.291206
408 -8.39622 -8.39622 0.26948
409 -8.56329 -8.56329 0.226957
410 -8.33997 -8.33997 0.319056
411 -8.39122 -8.39122 0.219143
412 -8.7305 -8.7305 0.260804
413 -8.18058 -8.18058 0.22681
414 -8.1928 -8.1928 0.224442
415 -8.65019 -8.65019 0.247261
416 -8.46732 -8.46732 0.258258
417 -8.30392 -8.30392 0.249091
418 -8.33071 -8.33071 0.250925
419 -8.27145 -8.27145 0.257105
420 -8.45001 -8.45001 0.272572
421 -8.476 -8.476 0.229834
422 -8.44923 -8.44923 0.236324
423 -8.44874 -8.44874 0.265918
424 -8.17068 -8.17068 0.235468
425 -8.20527 -8.20527 0.208365
426 -8.41106 -8.41106 0.227025
427 -8.3457 -8.3457 0.228058
428 -8.4302 -8.4302 0.258832
429 -8.57724 -8.57724 0.221579
430 -8.37817 -8.37817 0.240652
431 -8.39103 -8.39103 0.225442
432 -8.3009 -8.3009 0.256764
433 -8.1262 -8.1262 0.253766
434 -8.09141 -8.09141 0.241335
435 -8.14377 -8.14377 0.264156
436 -8.51987 -8.51987 0.235925
437 -8.38048 -8.38048 0.25265
438 -8.57983 -8.57983 0.241564
439 -8.22539 -8.22539 0.258431
440 -8.14523 -8.14523 0.234245
441 -8.21993 -8.21993 0.201097
442 -8.3425 -8.3425 0.217097
443 -8.18953 -8.18953 0.224938
444 -7.79811 -7.79811 0.297293
445 -8.18472 -8.18472 0.278539
446 -8.30342 -8.30342 0.238372
447 -7.85133 -7.85133 0.241792
448 -7.819 -7.819 0.223918
449 -8.16754 -8.16754 0.205563
450 -8.03278 -8.03278 0.285506
451 -8.1532 -8.1532 0.343938
452 -8.59178 -8.59178 0.243459
453 -8.25695 -8.25695 0.292562
454 -8.56799 -8.56799 0.279312
455 -8.33977 -8.33977 0.262772
456 -8.3578 -8.3578 0.224595
457 -8.36164 -8.36164 0.224559
458 -8.33903 -8.33903 0.22626
459 -8.30773 -8.30773 0.23572
460 -8.43397 -8.43397 0.233386
461 -8.38535 -8.38535 0.262921
462 -8.3813 -8.3813 0.219212
463 -8.19613 -8.19613 0.232757
464 -8.28601 -8.28601 0.213385
465 -8.18385 -8.18385 0.260413
466 -8.47445 -8.47445 0.260335
467 -8.33325 -8.33325 0.247042
468 -8.31945 -8.31945 0.229676
469 -8.29042 -8.29042 0.244807
470 -8.17084 -8.17084 0.234648
471 -8.40302 -8.40302 0.2939
472 -8.40574 -8.40574 0.277555
473 -8.36369 -8.36369 0.23401
474 -8.41965 -8.41965 0.233794
475 -8.48974 -8.48974 0.22767
476 -8.40954 -8.40954 0.209089
477 -8.42404 -8.42404 0.21742
478 -8.16908 -8.16908 0.230189
479 -8.28787 -8.28787 0.238614
480 -8.33742 -8.33742 0.213292
481 -8.3309 -8.3309 0.266577
482 -8.3289 -8.3289 0.227413
483 -8.18668 -8.18668 0.24097
484 -8.46346 -8.46346 0.237177
485 -8.05576 -8.05576 0.239454
486 -8.52934 -8.52934 0.237363
487 -8.42641 -8.42641 0.237208
488 -8.43789 -8.43789 0.20347
489 -8.2281 -8.2281 0.274272
490 -8.49697 -8.49697 0.215034
491 -8.30756 -8.30756 0.239086
492 -8.37998 -8.37998 0.225405
493 -8.39654 -8.39654 0.235626
494 -8.30841 -8.30841 0.248972
495 -8.32389 -8.32389 0.27397
496 -8.57583 -8.57583 0.228965
497 -8.17156 -8.17156 0.259489
498 -8.42796 -8.42796 0.238347
499 -8.19012 -8.19012 0.259651
500 -8.48191 -8.48191 0.237774
501 -7.99699 -7.99699 0.358908
502 -7.68166 -7.68166 0.425259
503 -7.90128 -7.90128 0.387191
504 -7.67901 -7.67901 0.468994
505 -8.36006 -8.36006 0.338971
506 -8.46492 -8.46492 0.312305
507 -8.42247 -8.42247 0.233505
508 -8.40174 -8.40174 0.248579
509 -8.22003 -8.22003 0.279261
510 -8.61106 -8.61106 0.305622
511 -8.28914 -8.28914 0.256192
512 -8.41463 -8.41463 0.249812
513 -8.31068 -8.31068 0.258621
514 -8.38732 -8.38732 0.26119
515 -8.21398 -8.21398 0.276966
516 -8.55819 -8.55819 0.241096
517 -8.16769 -8.16769 0.280321
518 -8.36498 -8.36498 0.234267
519 -8.33993 -8.33993 0.264838
520 -8.20641 -8.20641 0.259991
521 -8.13084 -8.13084 0.268901
522 -8.45523 -8.45523 0.267133
523 -8.00964 -8.00964 0.245934
524 -8.3452 -8.3452 0.232322
525 -8.27054 -8.27054 0.248829
526 -8.31178 -8.31178 0.258383
527 -8.2883 -8.2883 0.246903
528 -8.27251 -8.27251 0.250611
529 -8.3333 -8.3333 0.276417
530 -8.28451 -8.28451 0.264924
531 -8.02705 -8.02705 0.252674
532 -8.41241 -8.41241 0.247526
533 -8.38965 -8.38965 0.254771
534 -8.33925 -8.33925 0.265142
535 -8.81473 -8.81473 0.284103
536 -8.44758 -8.44758 0.286392
537 -8.36702 -8.36702 0.273309
538 -8.53045 -8.53045 0.253523
539 -8.25544 -8.25544 0.257133
540 -8.29003 -8.29003 0.268918
541 -8.27007 -8.27007 0.253035
542 -8.31054 -8.31054 0.225189
543 -8.20537 -8.20537 0.233886
544 -8.41747 -8.41747 0.272924
545 -8.16551 -8.16551 0.284287
546 -8.21055 -8.21055 0.324298
547 -8.21904 -8.21904 0.267512
548 -8.15911 -8.15911 0.258934
549 -8.05899 -8.05899 0.223716
550 -7.98059 -7.98059 0.261565
551 -8.22008 -8.22008 0.310756
552 -8.39136 -8.39136 0.292297
553 -8.14166 -8.14166 0.257139
554 -8.26738 -8.26738 0.259121
555 -8.30519 -8.30519 0.275942
556 -8.25465 -8.25465 0.242792
557 -8.27041 -8.27041 0.276513
558 -8.21562 -8.21562 0.263574
559 -8.20498 -8.20498 0.261765
560 -8.31504 -8.31504 0.298329
561 -8.28083 -8.28083 0.29793
562 -8.31564 -8.31564 0.276568
563 -8.34941 -8.34941 0.275343
564 -8.27662 -8.27662 0.239133
565 -8.45657 -8.45657 0.213811
566 -8.38266 -8.38266 0.233187
567 -8.39958 -8.39958 0.252702
568 -8.37134 -8.37134 0.263811
569 -8.38625 -8.38625 0.317511
570 -8.2455 -8.2455 0.23418
571 -8.23245 -8.23245 0.289644
572 -8.47496 -8.47496 0.255277
573 -8.46553 -8.46553 0.225954
574 -8.39918 -8.39918 0.2545
575 -8.26973 -8.26973 0.231475
576 -8.3634 -8.3634 0.212323
577 -8.46626 -8.46626 0.210724
578 -8.35793 -8.35793 0.231868
579 -8.54426 -8.54426 0.238837
580 -8.32129 -8.32129 0.278366
581 -8.35831 -8.35831 0.253167
582 -8.65592 -8.65592 0.213991
583 -8.27788 -8.27788 0.25073
584 -8.45886 -8.45886 0.248786
585 -8.47312 -8.47312 0.216194
586 -8.28257 -8.28257 0.234887
587 -8.33875 -8.33875 0.253882
588 -8.18831 -8.18831 0.246024
589 -8.62385 -8.62385 0.222485
590 -8.70973 -8.70973 0.237216
591 -8.42665 -8.42665 0.216034
592 -8.4436 -8.4436 0.247462
593 -8.29368 -8.29368 0.259487
594 -8.30311 -8.30311 0.240013
595 -8.30991 -8.30991 0.226952
596 -8.43506 -8.43506 0.260778
597 -8.41481 -8.41481 0.264547
598 -8.37733 -8.37733 0.39157
599 -8.41955 -8.41955 0.213921
600 -8.3586 -8.3586 0.318609
601 -7.96945 -7.96945 0.369015
602 -7.66989 -7.66989 0.502987
603 -7.58945 -7.58945 0.587933
604 -7.72536 -7.72536 0.595311
605 -8.24869 -8.24869 0.33654
606 -8.34015 -8.34015 0.256296
607 -8.37102 -8.37102 0.251824
608 -8.45787 -8.45787 0.301402
609 -8.45711 -8.45711 0.231245
610 -8.34289 -8.34289 0.245236
611 -8.36844 -8.36844 0.297945
612 -8.37043 -8.37043 0.210544
613 -8.34776 -8.34776 0.238745
614 -8.46376 -8.46376 0.247037
615 -8.32774 -8.32774 0.276233
616 -8.6144 -8.6144 0.214409
617 -8.3279 -8.3279 0.280425
618 -8.35752 -8.35752 0.220761
619 -8.42901 -8.42901 0.220976
620 -8.40636 -8.40636 0.259786
621 -8.60504 -8.60504 0.244429
622 -8.46064 -8.46064 0.291702
623 -8.45448 -8.45448 0.239853
624 -8.37926 -8.37926 0.280744
625 -8.25368 -8.25368 0.232908
626 -8.35444 -8.35444 0.266703
627 -8.25885 -8.25885 0.24721
628 -8.37526 -8.37526 0.235792
629 -8.45017 -8.45017 0.240042
630 -8.37996 -8.37996 0.292957
631 -8.22272 -8.22272 0.277756
632 -8.50174 -8.50174 0.231844
633 -8.18633 -8.18633 0.242919
634 -8.37802 -8.37802 0.2581
635 -8.1969 -8.1969 0.21136
636 -8.41387 -8.41387 0.226858
637 -8.34111 -8.34111 0.234238
638 -8.46259 -8.46259 0.231108
639 -8.11571 -8.11571 0.235986
640 -8.32076 -8.32076 0.248736
641 -8.05289 -8.05289 0.206619
642 -8.21944 -8.21944 0.276042
643 -8.01111 -8.01111 0.292924
644 -8.14049 -8.14049 0.253412
645 -8.07323 -8.07323 0.293272
646 -8.12568 -8.12568 0.271933
647 -7.84628 -7.84628 0.2377
648 -8.08675 -8.08675 0.304384
649 -7.98113 -7.98113 0.266542
650 -7.97135 -7.97135 0.254637
651 -8.24704 -8.24704 0.299519
652 -8.16419 -8.16419 0.253031
653 -8.41185 -8.41185 0.242067
654 -8.26661 -8.26661 0.288525
655 -8.30108 -8.30108 0.218959
656 -8.22151 -8.22151 0.227392
657 -8.3943 -8.3943 0.270562
658 -8.31205 -8.31205 0.252066
659 -8.27091 -8.27091 0.245468
660 -8.24429 -8.24429 0.231569
661 -8.22112 -8.22112 0.234736
662 -8.28436 -8.28436 0.332841
663 -8.01396 -8.01396 0.28517
664 -8.13157 -8.13157 0.270614
665 -8.49204 -8.49204 0.237326
666 -8.52205 -8.52205 0.2084
667 -8.28369 -8.28369 0.25704
668 -8.3274 -8.3274 0.220444
669 -8.19374 -8.19374 0.233821
670 -8.55937 -8.55937 0.27499
671 -8.29909 -8.29909 0.3023
672 -8.59866 -8.59866 0.2929
673 -8.2481 -8.2481 0.25068
674 -8.40722 -8.40722 0.244511
675 -8.40175 -8.40175 0.208535
676 -8.40772 -8.40772 0.207501
677 -8.37314 -8.37314 0.251331
678 -8.40971 -8.40971 0.200093
679 -8.62081 -8.62081 0.281066
680 -8.50758 -8.50758 0.249485
681 -8.5999 -8.5999 0.279094
682 -8.28053 -8.28053 0.262326
683 -8.33284 -8.33284 0.224439
684 -8.38743 -8.38743 0.294065
685 -8.39928 -8.39928 0.257512
686 -8.41105 -8.41105 0.287978
687 -8.37685 -8.37685 0.232308
688 -8.3711 -8.3711 0.245022
689 -8.40817 -8.40817 0.212909
690 -8.33644 -8.33644 0.231719
691 -8.31705 -8.31705 0.231447
692 -8.29779 -8.29779 0.222427
693 -8.29921 -8.29921 0.256486
694 -8.36623 -8.36623 0.215335
695 -8.16267 -8.16267 0.251265
696 -8.41083 -8.41083 0.232431
697 -8.27829 -8.27829 0.249574
698 -8.40076 -8.40076 0.239061
699 -8.40206 -8.40206 0.223616
700 -8.42698 -8.42698 0.274158
701 -7.79746 -7.79746 0.358747
702 -8.11659 -8.11659 0.331353
703 -7.61109 -7.61109 0.359349
704 -8.09177 -8.09177 0.38663
705 -8.17946 -8.17946 0.275522
706 -8.08551 -8.08551 0.282813
707 -8.34911 -8.34911 0.219719
708 -8.43504 -8.43504 0.224489
709 -8.33357 -8.33357 0.219189
710 -8.43183 -8.43183 0.229783
711 -8.15723 -8.15723 0.215071
712 -8.80096 -8.80096 0.267551
713 -8.23891 -8.23891 0.215568
714 -8.28904 -8.28904 0.234452
715 -8.07846 -8.07846 0.264133
716 -8.2702 -8.2702 0.258966
717 -8.41279 -8.41279 0.204486
718 -8.09318 -8.09318 0.244311
719 -8.33875 -8.33875 0.312928
720 -8.2272 -8.2272 0.233421
721 -8.52624 -8.52624 0.223686
722 -8.58316 -8.58316 0.236972
723 -8.19901 -8.19901 0.266811
724 -8.30342 -8.30342 0.28818
725 -8.52851 -8.52851 0.287801
726 -8.2932 -8.2932 0.259244
727 -8.32988 -8.32988 0.274728
728 -8.5006 -8.5006 0.269825
729 -8.25596 -8.25596 0.296934
730 -8.52709 -8.52709 0.24395
731 -8.12145 -8.12145 0.240793
732 -8.44828 -8.44828 0.248764
733 -8.12833 -8.12833 0.266781
734 -8.21628 -8.21628 0.271732
735 -8.46082 -8.46082 0.222493
736 -8.1157 -8.1157 0.31101
737 -8.20297 -8.20297 0.265141
738 -8.08254 -8.08254 0.260368
739 -8.36304 -8.36304 0.210479
740 -8.15223 -8.15223 0.211469
741 -8.15074 -8.15074 0.224579
742 -8.33702 -8.33702 0.205141
743 -7.96546 -7.96546 0.214409
744 -8.08647 -8.08647 0.240443
745 -8.16084 -8.16084 0.230241
746 -8.10721 -8.10721 0.234572
747 -7.95555 -7.95555 0.271706
748 -8.09282 -8.09282 0.237877
749 -7.96946 -7.96946 0.234445
750 -8.03144 -8.03144 0.196529
751 -8.50645 -8.50645 0.327454
752 -8.40251 -8.40251 0.314821
753 -8.34295 -8.34295 0.236353
754 -8.43334 -8.43334 0.229282
755 -8.25322 -8.25322 0.212836
756 -8.33545 -8.33545 0.229823
757 -8.07539 -8.07539 0.258365
758 -8.50251 -8.50251 0.223173
759 -8.3405 -8.3405 0.221404
760 -8.20582 -8.20582 0.233746
761 -8.35271 -8.35271 0.281682
762 -8.7365 -8.7365 0.276159
763 -8.01732 -8.01732 0.283879
764 -8.34951 -8.34951 0.262649
765 -8.53632 -8.53632 0.237216
766 -8.29337 -8.29337 0.232113
767 -8.19097 -8.19097 0.275371
768 -8.25716 -8.25716 0.254858
769 -8.20749 -8.20749 0.240496
770 -8.41316 -8.41316 0.264814
771 -8.4464 -8.4464 0.267283
772 -8.37988 -8.37988 0.2856
773 -8.27103 -8.27103 0.277364
774 -8.37333 -8.37333 0.244871
775 -8.42266 -8.42266 0.218916
776 -8.37459 -8.37459 0.258461
777 -8.55282 -8.55282 0.247159
778 -8.35747 -8.35747 0.246342
779 -8.36019 -8.36019 0.245829
780 -8.45023 -8.45023 0.214757
781 -8.22269 -8.22269 0.233695
782 -8.38242 -8.38242 0.224393
783 -8.16188 -8.16188 0.298935
784 -8.46069 -8.46069 0.243541
785 -8.34235 -8.34235 0.227284
786 -8.48858 -8.48858 0.231139
787 -8.40138 -8.40138 0.310133
788 -8.31646 -8.31646 0.273652
789 -8.33523 -8.33523 0.245629
790 -8.16131 -8.16131 0.215588
791 -8.42208 -8.42208 0.238121
792 -8.30732 -8.30732 0.203087
793 -8.28449 -8.28449 0.203372
794 -8.18266 -8.18266 0.250657
795 -8.31873 -8.31873 0.225594
796 -8.48409 -8.48409 0.210539
797 -8.33128 -8.33128 0.208027
798 -8.18229 -8.18229 0.231848
799 -8.41959 -8.41959 0.241974
800 -8.50809 -8.50809 0.256671
801 -8.09923 -8.09923 0.449398
802 -7.80407 -7.80407 0.360782
803 -7.58112 -7.58112 0.411766
804 -7.72243 -7.72243 0.363732
805 -8.21776 -8.21776 0.38708
806 -8.1843 -8.1843 0.268306
807 -8.1786 -8.1786 0.231631
808 -8.45936 -8.45936 0.26273
809 -8.47467 -8.47467 0.241188
810 -8.42676 -8.42676 0.26698
811 -8.45409 -8.45409 0.222878
812 -8.40145 -8.40145 0.244979
813 -8.34441 -8.34441 0.19364
814 -8.36155 -8.36155 0.251171
815 -8.57308 -8.57308 0.236932
816 -8.41506 -8.41506 0.206042
817 -8.33609 -8.33609 0.278549
818 -8.6186 -8.6186 0.240426
819 -8.30409 -8.30409 0.247415
820 -8.33896 -8.33896 0.257931
821 -8.3791 -8.3791 0.220937
822 -8.50813 -8.50813 0.246932
823 -8.46459 -8.46459 0.227687
824 -8.62447 -8.62447 0.255132
825 -8.39839 -8.39839 0.234389
826 -8.34702 -8.34702 0.287473
827 -8.26832 -8.26832 0.254924
828 -8.38104 -8.38104 0.223487
829 -8.15978 -8.15978 0.268497
830 -8.31903 -8.31903 0.249194
831 -8.57082 -8.57082 0.214429
832 -8.40544 -8.40544 0.225401
833 -8.41564 -8.41564 0.278371
834 -8.2869 -8.2869 0.263851
835 -8.24 -8.24 0.252985
836 -8.25602 -8.25602 0.221098
837 -8.28374 -8.28374 0.260746
838 -8.28183 -8.28183 0.282724
839 -8.29572 -8.29572 0.235739
840 -8.36364 -8.36364 0.238017
841 -8.28152 -8.28152 0.245837
842 -8.31527 -8.31527 0.197345
843 -8.20897 -8.20897 0.230744
844 -8.31626 -8.31626 0.341959
845 -8.26701 -8.26701 0.232493
846 -8.36256 -8.36256 0.250292
847 -8.08981 -8.08981 0.241084
848 -8.11615 -8.11615 0.251785
849 -8.06814 -8.06814 0.273326
850 -8.01977 -8.01977 0.23322
851 -8.24735 -8.24735 0.214754
852 -8.20553 -8.20553 0.277683
853 -8.30164 -8.30164 0.277318
854 -8.34415 -8.34415 0.290835
855 -8.40614 -8.40614 0.210272
856 -8.32916 -8.32916 0.235757
857 -8.34464 -8.34464 0.266313
858 -8.28052 -8.28052 0.24489
859 -8.38378 -8.38378 0.306755
860 -8.40995 -8.40995 0.243783
861 -8.35377 -8.35377 0.23141
862 -8.39852 -8.39852 0.304294
863 -8.38837 -8.38837 0.204826
864 -8.62223 -8.62223 0.234314
865 -8.36334 -8.36334 0.221064
866 -8.61567 -8.61567 0.213569
867 -8.1898 -8.1898 0.235728
868 -8.28266 -8.28266 0.249934
869 -8.26709 -8.26709 0.257818
870 -8.35697 -8.35697 0.230329
871 -8.30782 -8.30782 0.315728
872 -8.4247 -8.4247 0.251711
873 -8.26268 -8.26268 0.29342
874 -8.39666 -8.39666 0.254603
875 -8.22533 -8.22533 0.291084
876 -8.22202 -8.22202 0.306013
877 -8.46756 -8.46756 0.276674
878 -8.32002 -8.32002 0.302498
879 -8.37252 -8.37252 0.260333
880 -8.40446 -8.40446 0.222778
881 -8.41488 -8.41488 0.330492
882 -8.47433 -8.47433 0.236002
883 -8.36515 -8.36515 0.257151
884 -8.35975 -8.35975 0.241817
885 -8.29348 -8.29348 0.266346
886 -8.51058 -8.51058 0.278114
887 -8.53837 -8.53837 0.253498
888 -8.39832 -8.39832 0.288956
889 -8.32451 -8.32451 0.23512
890 -8.27758 -8.27758 0.235504
891 -8.43825 -8.43825 0.253446
892 -8.39953 -8.39953 0.226057
893 -8.549 -8.549 0.243821
894 -8.52002 -8.52002 0.221127
895 -8.30579 -8.30579 0.232021
896 -8.35881 -8.35881 0.210655
897 -8.22515 -8.22515 0.238229
898 -8.5883 -8.5883 0.236354
899 -8.41014 -8.41014 0.231725
900 -8.39505 -8.39505 0.251159
901 -7.97956 -7.97956 0.345155
902 -7.74643 -7.74643 0.385663
903 -7.71763 -7.71763 0.413791
904 -8.09828 -8.09828 0.464142
905 -8.41893 -8.41893 0.327267
906 -8.83282 -8.83282 3.05752
907 -8.1944 -8.1944 0.270096
908 -8.37469 -8.37469 0.256741
909 -8.33398 -8.33398 0.268215
910 -8.38082 -8.38082 0.249323
911 -8.33009 -8.33009 0.274518
912 -8.08385 -8.08385 0.294907
913 -8.28647 -8.28647 0.268739
914 -8.36045 -8.36045 0.273398
915 -8.22275 -8.22275 0.230944
916 -8.45288 -8.45288 0.265657
917 -8.31174 -8.31174 0.278917
918 -8.43453 -8.43453 0.265641
919 -8.0885 -8.0885 0.266776
920 -8.2545 -8.2545 0.305489
921 -6.76375 -6.76375 1.00232
922 -4.6315 -4.6315 2.93992
923 -8.09158 -8.09158 0.243502
924 -8.35687 -8.35687 0.22828
925 -8.32721 -8.32721 0.281666
926 -8.40846 -8.40846 0.248148
927 -8.38792 -8.38792 0.276017
928 -8.3558 -8.3558 0.275459
929 -8.24551 -8.24551 0.241052
930 -8.62425 -8.62425 0.281998
931 -8.41461 -8.41461 0.256527
932 -4.05791 -4.05791 2.48422
933 -8.26567 -8.26567 0.250753
934 -8.2927 -8.2927 0.234251
935 -8.2749 -8.2749 0.258272
936 -8.40178 -8.40178 0.268687
937 -8.31674 -8.31674 0.266443
938 -8.11918 -8.11918 0.262066
939 -8.16327 -8.16327 0.230171
940 -8.30065 -8.30065 0.256446
941 -8.31902 -8.31902 0.22854
942 -8.03947 -8.03947 0.25832
943 -8.10756 -8.10756 0.191279
944 -7.99891 -7.99891 0.245943
945 -8.32802 -8.32802 0.24045
946 -8.0483 -8.0483 0.281857
947 -8.15371 -8.15371 0.306925
948 -8.1725 -8.1725 0.300427
949 -8.11042 -8.11042 0.228468
950 -8.11308 -8.11308 0.275101
951 -7.94443 -7.94443 0.344225
952 -8.22505 -8.22505 0.295302
953 -8.13933 -8.13933 0.289143
954 -8.38769 -8.38769 0.2157
955 -8.25337 -8.25337 0.235433
956 -8.4773 -8.4773 0.241012
957 -8.32785 -8.32785 0.233308
958 -8.15697 -8.15697 0.23454
959 -8.42297 -8.42297 0.210121
960 -8.21945 -8.21945 0.209852
961 -8.27439 -8.27439 0.300519
962 -8.14875 -8.14875 0.268662
963 -8.18024 -8.18024 0.214124
964 -8.22621 -8.22621 0.2567
965 -8.42881 -8.42881 0.257576
966 -8.19478 -8.19478 0.234045
967 -8.3054 -8.3054 0.252042
968 -8.42497 -8.42497 0.231049
969 -8.38637 -8.38637 0.249446
970 -8.29462 -8.29462 0.234325
971 -8.2599 -8.2599 0.299497
972 -8.38758 -8.38758 0.257514
973 -8.30326 -8.30326 0.244221
974 -8.34595 -8.34595 0.231238
975 -8.28515 -8.28515 0.229582
976 -8.5245 -8.5245 0.236785
977 -8.22424 -8.22424 0.250026
978 -8.24392 -8.24392 0.24513
979 -8.4113 -8.4113 0.252248
980 -8.39556 -8.39556 0.262689
981 -8.44679 -8.44679 0.286911
982 -8.40156 -8.40156 0.257773
983 -8.46423 -8.46423 0.24951
984 -8.52831 -8.52831 0.240262
985 -8.21799 -8.21799 0.247621
986 -8.55139 -8.55139 0.241443
987 -8.10811 -8.10811 0.298386
988 -8.4149 -8.4149 0.26047
989 -8.37618 -8.37618 0.227556
990 -8.39419 -8.39419 0.246208
991 -8.25944 -8.25944 0.217296
992 -8.25087 -8.25087 0.259949
993 -8.18726 -8.18726 0.241985
994 -8.3938 -8.3938 0.24746
995 -8.41804 -8.41804 0.215929
996 -8.34055 -8.34055 0.29304
997 -8.37292 -8.37292 0.205836
998 -8.34923 -8.34923 0.241169
999 -9.0413 -9.0413 0.722518
1000 -8.53956 -8.53956 0.279644
1001 -7.85954 -7.85954 0.338994
1002 -8.25639 -8.25639 0.391905
1003 -7.64581 -7.64581 0.508321
1004 -7.89176 -7.89176 0.386333
1005 -8.39397 -8.39397 0.277083
1006 -8.3744 -8.3744 0.25631
1007 -8.35164 -8.35164 0.258129
1008 -8.15724 -8.15724 0.244554
1009 -8.12165 -8.12165 0.307353
1010 -8.43066 -8.43066 0.239813
1011 -8.0537 -8.0537 0.239063
1012 -8.47064 -8.47064 0.2673
1013 -8.34819 -8.34819 0.266504
1014 -8.43965 -8.43965 0.223703
1015 -8.31089 -8.31089 0.1922
1016 -8.37394 -8.37394 0.248203
1017 -8.30894 -8.30894 0.256609
1018 -8.48627 -8.48627 0.264962
1019 -8.42796 -8.42796 0.216347
1020 -8.39285 -8.39285 0.271946
1021 -8.38805 -8.38805 0.24032
1022 -8.59299 -8.59299 0.288293
1023 -8.35173 -8.35173 0.239147
1024 -8.05075 -8.05075 0.252056
1025 -8.3289 -8.3289 0.21247
1026 -8.44265 -8.44265 0.243207
1027 -8.36946 -8.36946 0.257913
1028 -8.20706 -8.20706 0.280821
1029 -8.33779 -8.33779 0.232925
1030 -8.3788 -8.3788 0.290555
1031 -8.43161 -8.43161 0.245822
1032 -8.58456 -8.58456 0.264846
1033 -8.25347 -8.25347 0.302742
1034 -8.26627 -8.26627 0.278537
1035 -7.98023 -7.98023 0.268102
1036 -8.24499 -8.24499 0.280144
1037 -8.12895 -8.12895 0.234931
1038 -8.4009 -8.4009 0.215704
1039 -8.344 -8.344 0.21493
1040 -8.41516 -8.41516 0.221785
1041 -8.19514 -8.19514 0.259511
1042 -8.08683 -8.08683 0.245647
1043 -8.18336 -8.18336 0.280883
1044 -8.07758 -8.07758 0.257641
1045 -8.04597 -8.04597 0.270617
1046 -8.3966 -8.3966 0.274548
1047 -7.90923 -7.90923 0.308338
1048 -8.1877 -8.1877 0.22903
1049 -7.87501 -7.87501 0.274402
1050 -7.87979 -7.87979 0.266092
1051 -8.34372 -8.34372 0.256171
1052 -8.27081 -8.27081 0.271571
1053 -8.13384 -8.13384 0.260167
1054 -8.34568 -8.34568 0.260284
1055 -8.11444 -8.11444 0.241304
1056 -8.33379 -8.33379 0.291228
1057 -8.32657 -8.32657 0.273775
1058 -8.38111 -8.38111 0.276489
1059 -8.09368 -8.09368 0.309164
1060 -8.08155 -8.08155 0.256861
1061 -8.25229 -8.25229 0.253159
1062 -8.16743 -8.16743 0.242777
1063 -8.30881 -8.30881 0.242846
1064 -8.78182 -8.78182 0.257484
1065 -8.27459 -8.27459 0.25905
1066 -8.33767 -8.33767 0.234521
1067 -8.46017 -8.46017 0.254633
1068 -8.2859 -8.2859 0.259293
1069 -8.24657 -8.24657 0.232005
1070 -8.32589 -8.32589 0.254976
1071 -8.27111 -8.27111 0.25271
1072 -8.43143 -8.43143 0.274278
1073 -8.3728 -8.3728 0.333196
1074 -8.87659 -8.87659 0.27167
1075 -8.35288 -8.35288 0.228165
1076 -8.45956 -8.45956 0.273917
1077 -8.32484 -8.32484 0.238326
1078 -8.48934 -8.48934 0.235285
1079 -8.4813 -8.4813 0.251483
1080 -8.46198 -8.46198 0.250146
1081 -8.36575 -8.36575 0.256529
1082 -8.41172 -8.41172 0.200272
1083 -8.48882 -8.48882 0.208207
1084 -8.33913 -8.33913 0.20006
1085 -8.3351 -8.3351 0.21886
1086 -8.36767 -8.36767 0.226628
1087 -8.28591 -8.28591 0.213051
1088 -8.50508 -8.50508 0.33299
1089 -8.31232 -8.31232 0.268226
1090 -8.38675 -8.38675 0.211125
1091 -8.32984 -8.32984 0.249116
1092 -8.46828 -8.46828 0.234921
1093 -8.51194 -8.51194 0.244811
1094 -8.36804 -8.36804 0.231316
1095 -8.4322 -8.4322 0.242721
1096 -8.29712 -8.29712 0.267078
1097 -8.40652 -8.40652 0.244918
1098 -8.56753 -8.56753 0.237523
1099 -8.22148 -8.22148 0.208648
1100 -8.30478 -8.30478 0.24164
1101 -8.02964 -8.02964 0.414721
1102 -7.85609 -7.85609 0.361898
1103 -7.06552 -7.06552 0.821668
1104 -8.50433 -8.50433 0.300551
1105 -8.3434 -8.3434 0.236709
1106 -8.33342 -8.33342 0.252664
1107 -8.33609 -8.33609 0.333985
1108 -8.3663 -8.3663 0.299817
1109 -8.32884 -8.32884 0.231344
1110 -8.06511 -8.06511 0.245456
1111 -8.36978 -8.36978 0.269065
1112 -8.43017 -8.43017 0.241249
1113 -8.12756 -8.12756 0.244833
1114 -8.3376 -8.3376 0.237788
1115 -8.25836 -8.25836 0.286012
1116 -8.29773 -8.29773 0.242161
1117 -8.35958 -8.35958 0.242415
1118 -8.37839 -8.37839 0.24753
1119 -8.18826 -8.18826 0.257239
1120 -8.25445 -8.25445 0.25991
1121 -8.25866 -8.25866 0.215013
1122 -8.1711 -8.1711 0.277525
1123 -8.29017 -8.29017 0.248108
1124 -8.36355 -8.36355 0.266582
1125 -8.33572 -8.33572 0.223044
1126 -8.49787 -8.49787 0.249365
1127 -8.27174 -8.27174 0.311149
1128 -8.39796 -8.39796 0.268363
1129 -8.47345 -8.47345 0.242016
1130 -8.22486 -8.22486 0.244964
1131 -8.47237 -8.47237 0.256409
1132 -8.42299 -8.42299 0.279898
1133 -8.3437 -8.3437 0.265062
1134 -8.24258 -8.24258 0.233542
1135 -8.17648 -8.17648 0.257874
1136 -8.51309 -8.51309 0.230983
1137 -8.22622 -8.22622 0.25274
1138 -8.46505 -8.46505 0.234689
1139 -8.26442 -8.26442 0.3095
1140 -8.29578 -8.29578 0.257976
1141 -8.19574 -8.19574 0.269417
1142 -8.08538 -8.08538 0.259107
1143 -8.0945 -8.0945 0.244822
1144 -8.30143 -8.30143 0.267895
1145 -8.12289 -8.12289 0.274081
1146 -8.11106 -8.11106 0.354153
1147 -8.12444 -8.12444 0.256757
1148 -8.08783 -8.08783 0.261791
1149 -8.02776 -8.02776 0.279564
1150 -8.0083 -8.0083 0.317912
1151 -8.37145 -8.37145 0.234023
1152 -8.40444 -8.40444 0.294883
1153 -8.45219 -8.45219 0.326305
1154 -8.35704 -8.35704 0.285252
1155 -8.26984 -8.26984 0.244633
1156 -8.15686 -8.15686 0.180855
1157 -8.40945 -8.40945 0.257169
1158 -8.39374 -8.39374 0.241527
1159 -8.20891 -8.20891 0.233011
1160 -8.30145 -8.30145 0.221566
1161 -8.26855 -8.26855 0.261353
1162 -8.6865 -8.6865 0.234326
1163 -8.22615 -8.22615 0.278382
1164 -8.5165 -8.5165 0.252196
1165 -8.38744 -8.38744 0.254864
1166 -8.39245 -8.39245 0.216517
1167 -8.33094 -8.33094 0.275932
1168 -8.46026 -8.46026 0.245863
1169 -8.28866 -8.28866 0.246058
1170 -8.52879 -8.52879 0.217646
1171 -8.27041 -8.27041 0.242201
1172 -8.26514 -8.26514 0.264283
1173 -8.1407 -8.1407 0.235184
1174 -8.32995 -8.32995 0.26546
1175 -8.43673 -8.43673 0.2468
1176 -8.37475 -8.37475 0.263223
1177 -8.37637 -8.37637 0.245026
1178 -8.42826 -8.42826 0.245663
1179 -8.2968 -8.2968 0.22858
1180 -8.2905 -8.2905 0.231951
1181 -8.28812 -8.28812 0.235398
1182 -8.36838 -8.36838 0.285736
1183 -8.42473 -8.42473 0.258025
1184 -8.41359 -8.41359 0.255308
1185 -8.25507 -8.25507 0.227853
1186 -8.42658 -8.42658 0.225782
1187 -8.03335 -8.03335 0.245419
1188 -8.42735 -8.42735 0.27886
1189 -8.49084 -8.49084 0.271611
1190 -8.40142 -8.40142 0.22114
1191 -8.29734 -8.29734 0.266146
1192 -8.23817 -8.23817 0.297387
1193 -8.47217 -8.47217 0.271675
1194 -8.29259 -8.29259 0.279232
1195 -8.36313 -8.36313 0.250835
1196 -8.48554 -8.48554 0.263695
1197 -7.92989 -7.92989 0.315306
1198 -8.11509 -8.11509 0.318374
1199 -8.2087 -8.2087 0.238269
1200 -8.24227 -8.24227 0.280296
1201 -7.93883 -7.93883 0.355616
1202 -7.72833 -7.72833 0.312992
1203 -9.14991 -9.14991 2.95351
1204 -8.233 -8.233 0.465057
1205 -8.27257 -8.27257 0.388137
1206 -8.44384 -8.44384 0.292073
1207 -8.26276 -8.26276 0.280219
1208 -8.47886 -8.47886 0.241246
1209 -8.23901 -8.23901 0.300479
1210 -8.00627 -8.00627 0.204668
1211 -7.98565 -7.98565 0.25238
1212 -8.43563 -8.43563 0.251419
1213 -8.3897 -8.3897 0.220419
1214 -8.29701 -8.29701 0.265712
1215 -8.08654 -8.08654 0.272534
1216 -8.17678 -8.17678 0.254024
1217 -8.16099 -8.16099 0.325976
1218 -8.24514 -8.24514 0.339652
1219 -8.16388 -8.16388 0.27016
1220 -8.21737 -8.21737 0.290183
1221 -7.95561 -7.95561 0.35043
1222 -8.63722 -8.63722 0.264683
1223 -8.17328 -8.17328 0.279122
1224 -8.08201 -8.08201 0.20244
1225 -8.36763 -8.36763 0.267262
1226 -8.34785 -8.34785 0.284054
1227 -8.24422 -8.24422 0.253807
1228 -8.50115 -8.50115 0.278361
1229 -8.29172 -8.29172 0.284042
1230 -8.31065 -8.31065 0.263667
1231 -8.26388 -8.26388 0.238929
1232 -8.38058 -8.38058 0.276562
1233 -8.14405 -8.14405 0.31604
1234 -8.11951 -8.11951 0.289229
1235 -8.25746 -8.25746 0.293892
1236 -7.96897 -7.96897 0.292194
1237 -8.12936 -8.12936 0.268481
1238 -8.13691 -8.13691 0.276465
1239 -8.24954 -8.24954 0.240418
1240 -8.15632 -8.15632 0.326052
1241 -8.13114 -8.13114 0.279866
1242 -8.33539 -8.33539 0.289169
1243 -7.95988 -7.95988 0.226299
1244 -8.19833 -8.19833 0.257437
1245 -8.11775 -8.11775 0.28942
1246 -8.03709 -8.03709 0.30772
1247 -8.09089 -8.09089 0.263931
1248 -8.11936 -8.11936 0.267154
1249 -7.99163 -7.99163 0.345333
1250 -7.89281 -7.89281 0.266825
1251 -8.22815 -8.22815 0.221084
1252 -8.21748 -8.21748 0.326659
1253 -8.21429 -8.21429 0.327113
1254 -8.34938 -8.34938 0.263951
1255 -8.02373 -8.02373 0.276961
1256 -8.16871 -8.16871 0.238769
1257 -8.20909 -8.20909 0.282283
1258 -8.27941 -8.27941 0.277707
1259 -8.21558 -8.21558 0.274713
1260 -8.20082 -8.20082 0.238835
1261 -8.22264 -8.22264 0.294567
1262 -8.35109 -8.35109 0.243156
1263 -8.00495 -8.00495 0.303552
1264 -8.06109 -8.06109 0.335036
1265 -8.20671 -8.20671 0.291955
1266 -8.27218 -8.27218 0.29512
1267 -8.28748 -8.28748 0.26848
1268 -8.37837 -8.37837 0.252902
1269 -8.11116 -8.11116 0.263833
1270 -8.44467 -8.44467 0.236165
1271 -8.25384 -8.25384 0.315645
1272 -8.36465 -8.36465 0.344719
1273 -8.33782 -8.33782 0.273612
1274 -8.07677 -8.07677 0.235972
1275 -8.37524 -8.37524 0.268063
1276 -8.37502 -8.37502 0.249425
1277 -8.2367 -8.2367 0.244348
1278 -8.30538 -8.30538 0.252913
1279 -8.2034 -8.2034 0.276383
1280 -8.45069 -8.45069 0.252512
1281 -8.25529 -8.25529 0.281933
1282 -8.17379 -8.17379 0.245664
1283 -8.11148 -8.11148 0.305146
1284 -8.47588 -8.47588 0.283363
1285 -8.17626 -8.17626 0.269031
1286 -8.31458 -8.31458 0.291108
1287 -8.25236 -8.25236 0.241105
1288 -8.23868 -8.23868 0.273831
1289 -8.23767 -8.23767 0.270635
1290 -8.4 -8.4 0.229288
1291 -8.52988 -8.52988 0.256238
1292 -8.26315 -8.26315 0.360972
1293 -8.27098 -8.27098 0.267924
1294 -8.2645 -8.2645 0.22147
1295 -8.16569 -8.16569 0.275469
1296 -8.38415 -8.38415 0.241279
1297 -8.19377 -8.19377 0.328138
1298 -8.39683 -8.39683 0.292706
1299 -8.12139 -8.12139 0.36298
1300 -8.30534 -8.30534 0.273869
